"vol" "age" "ownership" "step0.nomgmt" "step0.thin" "step0.finalfell" "step1.nomgmt" "step1.thin" "step1.finalfell" "step2.nomgmt" "step2.thin" "step2.finalfell" "step3.nomgmt" "step3.thin" "step3.finalfell" "step4.nomgmt" "step4.thin" "step4.finalfell" "step5.nomgmt" "step5.thin" "step5.finalfell"
"2" "1" "1" "pub" 0 0 0 4637.77215310977 0 0 5108.32102762721 0 0 5275.24241830169 0 0 5210.41380057026 0 0 5365.65281324749 0 0
"70" "2" "1" "pub" 0 0 0 0 0 0 0 0 0 0 0 0 0 0 0 0 0 0
"104" "3" "1" "pub" 0 0 0 0 0 0 0 0 0 0 0 0 0 0 0 0 0 0
"138" "4" "1" "pub" 0 0 0 0 0 0 0 0 0 0 0 0 0 0 0 0 0 0
"172" "5" "1" "pub" 0 0 0 0 0 0 0 0 0 0 0 0 0 0 0 0 0 0
"206" "6" "1" "pub" 0 0 0 0 0 0 0 0 0 0 0 0 0 0 0 0 0 0
"240" "7" "1" "pub" 0 0 0 0 0 0 0 0 0 0 0 0 0 0 0 0 0 0
"274" "8" "1" "pub" 0 0 0 0 0 0 0 0 0 0 0 0 0 0 0 0 0 0
"308" "9" "1" "pub" 0 0 0 0 0 0 0 0 0 0 0 0 0 0 0 0 0 0
"36" "10" "1" "pub" 0 0 0 0 0 0 0 0 0 0 0 0 0 0 0 0 0 0
"20" "1" "2" "pub" 1368.35 0 0 0 0 0 4637.77215310977 0 0 5108.32102762721 0 0 5275.24241830169 0 0 5210.41380057026 0 0
"88" "2" "2" "pub" 0 0 0 0 0 0 0 0 0 0 0 0 0 0 0 0 0 0
"122" "3" "2" "pub" 0 0 0 0 0 0 0 0 0 0 0 0 0 0 0 0 0 0
"156" "4" "2" "pub" 202.27 0 0 0 0 0 0 0 0 0 0 0 0 0 0 0 0 0
"190" "5" "2" "pub" 0 0 0 0 0 0 0 0 0 0 0 0 0 0 0 0 0 0
"224" "6" "2" "pub" 0 0 0 0 0 0 0 0 0 0 0 0 0 0 0 0 0 0
"258" "7" "2" "pub" 0 0 0 0 0 0 0 0 0 0 0 0 0 0 0 0 0 0
"292" "8" "2" "pub" 0 0 0 0 0 0 0 0 0 0 0 0 0 0 0 0 0 0
"326" "9" "2" "pub" 0 0 0 0 0 0 0 0 0 0 0 0 0 0 0 0 0 0
"54" "10" "2" "pub" 0 0 0 0 0 0 0 0 0 0 0 0 0 0 0 0 0 0
"22" "1" "3" "pub" 0 0 0 862.0605 95.7845 0 0 0 0 2921.79645645915 324.644050717684 0 3218.24224740514 357.582471933905 0 3323.40272353006 369.266969281118 0
"90" "2" "3" "pub" 190.305 21.145 0 246.303 27.367 0 0 0 0 834.798987559759 92.7554430621954 0 919.497784972898 102.166420552544 0 949.543635294303 105.504848366034 0
"124" "3" "3" "pub" 181.755 20.195 0 123.1515 13.6835 0 0 0 0 417.399493779879 46.3777215310977 0 459.748892486449 51.0832102762721 0 474.771817647152 52.7524241830169 0
"158" "4" "3" "pub" 0 0 0 182.043 20.227 0 0 0 0 0 0 0 0 0 0 0 0 0
"192" "5" "3" "pub" 0 0 0 0 0 0 0 0 0 0 0 0 0 0 0 0 0 0
"226" "6" "3" "pub" 0 0 0 0 0 0 0 0 0 0 0 0 0 0 0 0 0 0
"260" "7" "3" "pub" 0 0 0 0 0 0 0 0 0 0 0 0 0 0 0 0 0 0
"294" "8" "3" "pub" 0 0 0 0 0 0 0 0 0 0 0 0 0 0 0 0 0 0
"328" "9" "3" "pub" 0 0 0 0 0 0 0 0 0 0 0 0 0 0 0 0 0 0
"56" "10" "3" "pub" 0 0 0 0 0 0 0 0 0 0 0 0 0 0 0 0 0 0
"24" "1" "4" "pub" 526.711 92.949 0 9.62852678571429 1.69915178571429 0 448.623321428571 79.1688214285714 0 0 0 0 1520.52672734099 268.328246001351 0 1674.79953691492 295.552859455574 0
"92" "2" "4" "pub" 234.43 41.37 0 66.0606845238095 11.6577678571429 0 372.745055952381 65.7785392857143 0 0 0 0 1263.3512191364 222.944332788777 0 1391.53097326388 245.564289399508 0
"126" "3" "4" "pub" 0 0 0 53.4229553571428 9.42758035714285 0 130.348572619048 23.0026892857143 0 0 0 0 422.368535372497 74.5356238892641 0 465.222093587478 82.0980165154373 0
"160" "4" "4" "pub" 0 0 0 119.283333333333 21.05 0 302.062233333333 53.3051 0 0 0 0 499.333468484819 88.1176709090856 0 549.995897307863 97.058099524917 0
"194" "5" "4" "pub" 0 0 0 102.9945 18.1755 0 81.2478166666667 14.33785 0 0 0 0 236.526379808598 41.7399493779879 0 260.524372408988 45.9748892486449 0
"228" "6" "4" "pub" 0 0 0 0 0 0 0 0 0 0 0 0 0 0 0 0 0 0
"262" "7" "4" "pub" 0 0 0 0 0 0 0 0 0 0 0 0 0 0 0 0 0 0
"296" "8" "4" "pub" 0 0 0 0 0 0 0 0 0 0 0 0 0 0 0 0 0 0
"330" "9" "4" "pub" 0 0 0 0 0 0 0 0 0 0 0 0 0 0 0 0 0 0
"58" "10" "4" "pub" 0 0 0 0 0 0 0 0 0 0 0 0 0 0 0 0 0 0
"26" "1" "5" "pub" 538.70082195496 139.31917804504 0 229.775839056943 59.4247859430575 0 7.98980415294828 2.06632865955172 0 206.326795348134 53.3603780893665 0 0 0 0 699.306950638325 180.855245794038 0
"94" "2" "5" "pub" 0 0 0 145.628129620159 37.6624473029177 0 9.17921603317357 2.3739351801964 0 142.087927099091 36.7468776857074 0 0 0 0 481.371555461232 124.492643611983 0
"128" "3" "5" "pub" 506.85643839112 131.08356160888 0 184.441260550128 47.7003259883337 0 40.9675992904527 10.5950687784576 0 257.866612652063 66.6896411807365 0 0 0 0 857.90711091263 221.872528609833 0
"162" "4" "5" "pub" 503.61479455528 130.24520544472 0 85.9659009542954 22.2325605841662 0 166.480696198571 43.0553524506968 0 469.466083018227 121.413642119136 0 0 0 0 1123.29534065665 290.507415589561 0
"196" "5" "5" "pub" 211.2630137132 54.6369862868 0 65.650239730555 16.978510269445 0 103.837478868055 26.8545203878975 0 172.142444982246 44.5195978252938 0 0 0 0 522.924314919076 135.239046916439 0
"230" "6" "5" "pub" 0 0 0 0 0 0 0 0 0 0 0 0 0 0 0 0 0 0
"264" "7" "5" "pub" 0 0 0 0 0 0 0 0 0 0 0 0 0 0 0 0 0 0
"298" "8" "5" "pub" 0 0 0 0 0 0 0 0 0 0 0 0 0 0 0 0 0 0
"332" "9" "5" "pub" 0 0 0 0 0 0 0 0 0 0 0 0 0 0 0 0 0 0
"60" "10" "5" "pub" 0 0 0 0 0 0 0 0 0 0 0 0 0 0 0 0 0 0
"28" "1" "6" "pub" 838.62912 231.05088 0 255.939994074074 70.51408 0 123.384756774494 33.9937595195034 0 4.69212048079858 1.29272707124043 0 111.898364779546 30.8291413168136 0 0 0 0
"96" "2" "6" "pub" 800.29152 220.48848 0 259.968343522536 71.623931378658 0 148.871200683469 41.0155348821804 0 7.90881258819534 2.17895857021708 0 141.063478303746 38.8644276959301 0 0 0 0
"130" "3" "6" "pub" 154.22064 42.48936 0 139.1087296633 38.3258744990724 0 87.7143526658079 24.166199203845 0 14.4748480115964 3.98796832972555 0 108.127213674637 29.7901507062774 0 0 0 0
"164" "4" "6" "pub" 367.63328 101.28672 0 352.699151546037 97.1722152218674 0 143.985615433714 39.6695062929621 0 57.5430810144315 15.8537059937719 0 257.331466097181 70.8974447410601 0 0 0 0
"198" "5" "6" "pub" 196.16464 54.04536 0 210.466638105072 57.9857064167035 0 78.9029978338481 21.7385810358561 0 58.3400128275149 16.0732688402337 0 169.006885722453 46.5631215765941 0 0 0 0
"232" "6" "6" "pub" 485.38224 133.72776 0 262.631689194817 72.3577102883681 0 57.9657185096921 15.9701469363437 0 76.3493995211629 21.0350386435857 0 219.643962251277 60.5141528651478 0 0 0 0
"266" "7" "6" "pub" 529.7488 145.9512 0 256.309933894163 70.6160021953306 0 61.2159980989742 16.8656321293092 0 104.7973255563 28.8727325512256 0 224.294709171161 61.7954810981769 0 0 0 0
"300" "8" "6" "pub" 158.57184 43.68816 0 0 0 0 0 0 0 0 0 0 0 0 0 0 0 0
"334" "9" "6" "pub" 0 0 0 0 0 0 0 0 0 0 0 0 0 0 0 0 0 0
"62" "10" "6" "pub" 0 0 0 0 0 0 0 0 0 0 0 0 0 0 0 0 0 0
"30" "1" "7" "pub" 153.25364696304 50.28635303696 0 518.091185370311 169.998670629689 0 159.855638168168 52.4526314066227 0 79.6688267754643 26.1413338518306 0 3.27832841724133 1.07570151462858 0 72.9216235635629 23.9274077923247 0
"98" "2" "7" "pub" 736.24847012808 241.58152987192 0 600.089864660238 196.904487339762 0 194.757728396523 63.9048797917731 0 103.180614535977 33.8561392302655 0 5.4446050512489 1.78651103696049 0 97.5721284562305 32.0158547306931 0
"132" "3" "7" "pub" 1125.3458816496 369.2541183504 0 398.075445962968 130.618506037032 0 147.106425468969 48.2692959791152 0 83.0948077424876 27.2654838594789 0 6.79154725289715 2.22847644799439 0 84.6694888574922 27.7821761016469 0
"166" "4" "7" "pub" 316.13741156712 103.73258843288 0 249.733499326269 81.9438046737305 0 172.133451173651 56.4812888092385 0 90.1415433632382 29.5776939908871 0 20.3565841252548 6.67950418299678 0 122.952368371058 40.3437459738134 0
"200" "5" "7" "pub" 763.72329364032 250.59670635968 0 279.46582119004 91.6997228099603 0 266.129817869404 87.3238467093068 0 113.982583404225 37.4005352741259 0 46.845615452471 15.3712176092276 0 199.502111951803 65.4616306497877 0
"234" "6" "7" "pub" 494.23811733816 162.17188266184 0 262.513726652736 86.1373167758358 0 213.791630776072 70.1503790258622 0 74.0568167423275 24.2998930550492 0 51.8525429872915 17.0141157107467 0 168.043238672483 55.1391878288975 0
"268" "7" "7" "pub" 381.22164682056 125.08835317944 0 623.867219509243 204.706431919329 0 335.306481594946 110.022439551672 0 89.8580806459556 29.4846827865434 0 120.106604683559 39.4099797614905 0 285.561120370545 93.6997428586232 0
"302" "8" "7" "pub" 326.73129391344 107.20870608656 0 391.02780641107 128.305999303216 0 143.38051923119 47.0467329917514 0 32.1963458010274 10.5644259926876 0 45.2720433507494 14.854889262044 0 121.089911684756 39.7326273720747 0
"336" "9" "7" "pub" 0 0 0 67.9081346802465 22.2823567483249 0 35.8451298077976 11.7616832479378 0 8.04908645025686 2.6411064981719 0 11.3180108376874 3.713722315511 0 30.2724779211891 9.93315684301868 0
"64" "10" "7" "pub" 440.96752913616 144.69247086384 0 0 0 0 0 0 0 0 0 0 0 0 0 0 0 0
"32" "1" "8" "pub" 197.673 84.717 0 116.844401591379 50.076172110591 0 232.311015126688 99.5618636257232 0 72.5059517087229 31.0739793037384 0 36.6624037126096 15.7124587339755 0 1.61189200431798 0.690810858993421 0
"100" "2" "8" "pub" 738.766 316.614 0 659.051756479927 282.450752777111 0 694.082540903999 297.463946101714 0 222.914603085639 95.5348298938455 0 115.891367513774 49.6677289344746 0 5.90918090354549 2.53250610151949 0
"134" "3" "8" "pub" 305.942 131.118 0 452.933212950264 194.114234121542 0 260.60058970285 111.685967015507 0 91.7994668243028 39.3426286389869 0 49.6700327529548 21.2871568941235 0 3.72008548730908 1.59432235170389 0
"168" "4" "8" "pub" 655.144 280.776 0 645.699749532204 276.72846408523 0 267.464120993252 114.627480425679 0 128.029437908873 54.8697591038028 0 68.8131289991182 29.4913409996221 0 10.8336654362907 4.64299947269601 0
"202" "5" "8" "pub" 248.311 106.419 0 380.2415994606 162.960685483114 0 179.472834429788 76.9169290413378 0 123.423595513404 52.8958266486016 0 59.4386292285745 25.4736982408176 0 17.0519453162564 7.30797656410989 0
"236" "6" "8" "pub" 590.058 252.882 0 540.485412813195 231.636605491369 0 258.145977087746 110.633990180463 0 216.426242659446 92.7541039969053 0 90.0160828219119 38.5783212093908 0 41.4909068894755 17.7818172383467 0
"270" "7" "8" "pub" 269.738 115.602 0 552.124749708491 236.624892732211 0 473.280423254741 202.834467109175 0 298.864316462323 128.084707055281 0 99.7453007113642 42.7479860191561 0 82.8081484295676 35.4892064698147 0
"304" "8" "8" "pub" 108.115 46.335 0 100.051298008328 42.8791277178548 0 94.9415348924692 40.6892292396296 0 50.4813306553393 21.6348559951454 0 14.4185193877937 6.17936545191158 0 14.8412582692752 6.36053925826082 0
"338" "9" "8" "pub" 336.042 144.018 0 390.510141207668 167.361489089001 0 419.271905581371 179.687959534873 0 239.331709825487 102.570732782351 0 68.088447353913 29.180763151677 0 77.2561489010558 33.1097781004525 0
"66" "10" "8" "pub" 310.219 132.951 0 566.793678247944 242.911576391976 0 272.788058027095 116.909167725898 0 107.227345356464 45.9545765813416 0 24.0780875179861 10.3191803648512 0 33.856768362906 14.5100435841026 0
"34" "1" "9" "pub" 0 0 0 143.76096 95.84064 0 107.84911835498 71.899412236653 0 151.04083796499 100.69389197666 0 47.7875426175136 31.8583617450091 0 24.4902219314543 16.3268146209696 0
"102" "2" "9" "pub" 245.754 163.836 0 376.235409230769 250.823606153846 0 319.281245028125 212.854163352083 0 375.318519948009 250.212346632006 0 120.098033629278 80.0653557528523 0 62.0605989417165 41.373732627811 0
"136" "3" "9" "pub" 133.728 89.152 0 351.445606153846 234.297070769231 0 363.197644361657 242.131762907771 0 305.352578666341 203.568385777561 0 102.329566591637 68.219711061091 0 53.8185804282454 35.8790536188302 0
"170" "4" "9" "pub" 279.534 186.356 0 374.595064615385 249.730043076923 0 429.649489482277 286.432992988185 0 247.029578568488 164.686385712325 0 96.7465827737101 64.4977218491401 0 51.4465632720972 34.2977088480648 0
"204" "5" "9" "pub" 367.164 244.776 0 381.23248 254.154986666667 0 420.795786448187 280.530524298791 0 188.122587776677 125.415058517785 0 95.3279706500936 63.5519804333957 0 49.4204678139851 32.9469785426568 0
"238" "6" "9" "pub" 293.562 195.708 0 168.77468 112.516453333333 0 193.816617496178 129.211078330785 0 95.9335424617458 63.9556949744972 0 67.424479363342 44.9496529088947 0 29.6765678422634 19.7843785615089 0
"272" "7" "9" "pub" 972.258 648.172 0 572.0589 381.3726 0 726.397964724662 484.265309816441 0 442.678194569029 295.118796379353 0 307.32646557365 204.884310382434 0 120.381787487309 80.2545249915395 0
"306" "8" "9" "pub" 250.986 167.324 0 261.1672 174.111466666667 0 360.664503046718 240.443002031145 0 273.84993403043 182.566622686953 0 180.357148023955 120.238098682637 0 62.6901418711434 41.7934279140956 0
"340" "9" "9" "pub" 96.822 64.548 0 119.0119 79.3412666666667 0 153.425622229662 102.283748153108 0 134.699164104188 89.7994427361253 0 72.3624636251347 48.2416424167565 0 20.0414537976999 13.3609691984666 0
"68" "10" "9" "pub" 512.772 341.848 0 474.5818 316.387866666667 0 700.410008827555 466.940005885037 0 487.997061910102 325.331374606734 0 239.671747151686 159.781164767791 0 63.2496166140856 42.1664110760571 0
"4" "1" "10" "pub" 0 0 0 65.5344 43.6896 0 196.170082461538 130.780054974359 0 157.041077577486 104.694051718324 0 200.778830629462 133.852553752975 0 63.88450404615 42.5896693641 0
"72" "2" "10" "pub" 147.162 98.108 0 66.2578 44.1718666666667 0 159.138289230769 106.092192820513 0 134.661839582333 89.7745597215552 0 158.278105887288 105.518737258192 0 50.7740264921119 33.8493509947413 0
"106" "3" "10" "pub" 940.692 627.128 0 311.4908 207.660533333333 0 575.795282153846 383.863521435897 0 573.040290775377 382.026860516918 0 500.960986833185 333.973991222123 0 169.231152143534 112.820768095689 0
"140" "4" "10" "pub" 221.256 147.504 0 189.3014 126.200933333333 0 248.742580307692 165.828386871795 0 278.017067869305 185.34471191287 0 158.737287563748 105.824858375832 0 64.7722978062094 43.1815318708063 0
"174" "5" "10" "pub" 534.438 356.292 0 210.822 140.548 0 251.600393401709 167.73359560114 0 282.202660320411 188.135106880274 0 152.040558194893 101.360372129929 0 65.7827749547698 43.8551833031799 0
"208" "6" "10" "pub" 773.682 515.788 0 290.358618181818 193.572412121212 0 224.599044686869 149.732696457912 0 257.30819548164 171.53879698776 0 126.686349396693 84.4575662644621 0 76.4656212798079 50.9770808532053 0
"242" "7" "10" "pub" 405.792 270.528 0 562.421472727273 374.947648484849 0 347.597899858586 231.731933239057 0 429.241516548776 286.161011032518 0 249.970721160883 166.647147440589 0 170.933951703475 113.955967802317 0
"276" "8" "10" "pub" 547.788 365.192 0 506.155589090909 337.437059393939 0 360.553350565657 240.368900377104 0 455.926615752242 303.951077168161 0 286.151935662089 190.767957108059 0 189.258113984376 126.172075989584 0
"310" "9" "10" "pub" 143.49 95.66 0 309.64748 206.431653333333 0 233.635066 155.756710666667 0 310.95854630661 207.30569753774 0 214.689942534275 143.126628356184 0 136.159130543435 90.7727536956235 0
"38" "10" "10" "pub" 839.868 559.912 0 640.59044 427.060293333333 0 625.032011333333 416.688007555555 0 897.09018978582 598.06012652388 0 653.727282137482 435.818188091655 0 342.17042704613 228.113618030753 0
"6" "1" "11" "pub" 0 0 0 26.515675698214 15.909405389496 6.62891891229 41.4583423775819 24.8750053805304 10.364585575221 117.03846773635 70.2230805118975 29.2596168799573 95.0026187340943 57.0015711350037 23.7506546395849 118.959492436421 71.3756953298075 29.7398730540864
"74" "2" "11" "pub" 153.96756769844 92.38054044816 38.4918918534 305.539099358807 183.323459276136 76.38477469839 140.167651770794 84.1005909068904 35.041912877871 312.714796070843 187.628877295393 78.1786988730802 281.196745054251 168.718046720422 70.2991861335094 296.347635689691 177.808581084869 74.0869087853621
"108" "3" "11" "pub" 152.64324337299 91.58594585436 38.16081077265 360.09198228806 216.055188973134 90.0229954054725 138.075952069317 82.8455710883256 34.518987953469 248.167286394818 148.900371561425 62.0418214839272 246.82375302485 148.094251540936 61.7059381420566 211.691202516794 127.014721275099 52.9228005312914
"142" "4" "11" "pub" 301.98378404047 181.19027008908 75.49594587045 359.330540845971 215.598324108726 89.8326350453025 167.964396539166 100.778637737059 41.991099057108 250.383458867292 150.23007504245 62.5958646010207 265.715200410311 159.429119951243 66.4287999796845 185.483055194006 111.289832910517 46.3707637127155
"176" "5" "11" "pub" 201.31351368463 120.78810798732 50.32837832805 364.159792409328 218.495875041379 91.0399479339081 175.016142024906 105.009685020675 43.7540354252814 241.974782196026 145.184869049023 60.4936954370931 261.336686769271 156.802011771479 65.3341715714495 169.939094496895 101.963456509504 42.4847735456268
"210" "6" "11" "pub" 664.56756813245 398.7405401418 166.14189172575 534.125426649433 320.47525539678 133.531356415325 241.238880693934 144.743328148585 60.3097200619104 211.853367622731 127.112020338481 52.9633418077004 243.241082823992 145.944649424398 60.810270593499 128.142078481285 76.8852469465334 32.0355195610556
"244" "7" "11" "pub" 109.32972982266 65.59783777224 27.3324324051 526.532263589816 315.919357569439 131.633065653933 356.020638867656 213.612382925411 89.0051595522545 247.089333595982 148.25359988332 61.7723332847168 295.809131609137 177.485478637134 73.9522827654725 162.786461961096 97.6718769959648 40.6966154149853
"278" "8" "11" "pub" 742.01081144152 445.20648604128 185.5027025172 558.918966914048 335.351379528029 139.729741470012 573.656346717954 344.193807394014 143.414086414172 399.93236184529 239.959416663249 99.9830902763538 500.071097832899 300.04265814466 125.017774226942 305.857811324687 183.51468645531 76.4644526897126
"312" "9" "11" "pub" 96.46486494686 57.87891886104 24.1162161921 385.527228126926 231.31633644822 96.3818068534251 421.366459504061 252.81987523472 105.341614681133 325.556496068567 195.333897279772 81.3891238665718 432.413743545718 259.448245647451 108.103435686438 290.705515157177 174.423308771623 72.6763786548429
"40" "10" "11" "pub" 255.88108129858 153.52864849512 63.9702702063 682.113081660877 409.267848239381 170.528270099742 585.197354010931 351.11841175699 146.299338232079 548.77073315114 329.262439281548 137.192683033978 779.730483627157 467.838289310793 194.932620546164 564.341708865118 338.605024692651 141.085426955271
"8" "1" "12" "pub" 0 0 0 20.5970898696105 16.166594578428 9.42658577604152 50.3327102358399 39.505994563673 23.0355653824101 33.5406281354381 26.3259392663755 15.3504019306878 83.5852631811776 65.6058244701371 38.2541251205055 71.5079680002933 56.1263914031661 32.7267588913008
"76" "2" "12" "pub" 107.5109182837 84.385 49.2040817163 86.2951829343566 67.732832424516 39.4943629968874 189.885794209544 149.040795113381 86.9042538581633 93.2080434294855 73.1587160667906 42.6581435516971 207.090872220985 162.545009672913 94.7784314572828 186.36521210201 146.277500688155 85.2930034617068
"110" "3" "12" "pub" 225.17093860032 176.736 103.05306139968 109.959837675555 86.3071495470473 50.3248686261047 207.129114349662 162.575025805972 94.7959335757139 87.1158984791045 68.3770096146019 39.8699765194419 161.293828617301 126.599046358759 73.8186860489666 157.085103937393 123.295630875163 71.8924962593385
"144" "4" "12" "pub" 293.90033650603 230.6815 134.50816349397 129.831824133788 101.904612614501 59.4195992931421 207.033009237812 162.499593189518 94.7519495427216 89.6030661911301 70.3291801543925 41.0082683813132 142.793740610461 112.07838230548 65.3518265282875 147.744056158351 115.963870255702 67.6174171736683
"178" "5" "12" "pub" 216.93482636183 170.2715 99.28367363817 230.583021711237 180.983927937045 105.529987314704 295.011339672685 231.553523081142 135.016631763722 138.821991102716 108.960967929699 63.534092195296 187.154248538503 146.896813040392 85.6541185365111 201.844215079142 158.426924086981 92.377215368109
"212" "6" "12" "pub" 0 0 0 286.914804342978 225.198576581714 131.311123594491 329.877755691027 258.920069313627 150.973801605709 162.666591415374 127.676523796071 74.4469527773303 163.247826476833 128.132733467091 74.7129642477647 183.612719310129 144.117077282321 84.0332813570377
"246" "7" "12" "pub" 136.52236724072 107.156 62.48163275928 82.4259612734692 64.695891850793 37.7235521637178 128.10991556104 100.553091697082 58.6315404478263 104.079494142271 81.6916853971948 47.6336358810908 72.3946611216625 56.8223541969104 33.1325681011711 88.5670856870135 69.516042137943 40.5341354263092
"280" "8" "12" "pub" 216.25257126032 169.736 98.97142873968 388.660118813224 305.058171296695 177.876485023495 468.905412603467 368.042463725683 214.602020029945 331.432414423987 260.140316329234 151.685315901733 245.806907935221 192.933110955098 112.497440981391 298.311126184611 234.14351570007 136.52683154409
"314" "9" "12" "pub" 81.12592850831 63.6755 37.12857149169 378.990841012081 297.468783909115 173.451186247704 618.699049568693 485.615043860803 283.157460458512 620.870887768032 487.319713203945 284.151436753579 491.075908981437 385.444020392869 224.748700319606 655.451635392058 514.462039163371 299.977865911345
"42" "10" "12" "pub" 0 0 0 196.528035192326 154.254270305296 89.9441810889378 432.276667044596 339.292670278389 197.83829204384 365.029742615546 286.510759301021 167.061667514921 317.101610305811 248.892110799809 145.126595465263 436.263229646155 342.421711407448 199.662805824819
"10" "1" "13" "pub" 0 0 0 42.1925 29.53475 12.65775 52.2482584362772 36.5737809053941 15.6744775308832 119.439749956447 83.6078249695128 35.831924986934 66.5126417343021 46.5588492140115 19.9537925202906 155.868048662114 109.10763406348 46.7604145986342
"78" "2" "13" "pub" 119.78 83.846 35.934 81.2134052239143 56.84938365674 24.3640215671743 49.314952137544 34.5204664962808 14.7944856412632 100.703091433004 70.4921640031031 30.2109274299013 46.1671580125964 32.3170106088175 13.8501474037789 95.3399767370698 66.7379837159489 28.601993021121
"112" "3" "13" "pub" 502.27 351.589 150.681 201.172342718034 140.820639902624 60.3517028154102 102.175275730867 71.5226930116071 30.6525827192602 189.259228586809 132.481460010766 56.7777685760427 83.0700080889848 58.1490056622894 24.9210024266955 155.619508990581 108.933656293407 46.6858526971743
"146" "4" "13" "pub" 97.14 67.998 29.142 139.238579000732 97.4670053005121 41.7715737002195 75.2782470807443 52.694772956521 22.5834741242233 119.814280681863 83.8699964773041 35.9442842045589 52.3405701950809 36.6383991365566 15.7021710585243 84.7594183181508 59.3315928227056 25.4278254954453
"180" "5" "13" "pub" 352.99 247.093 105.897 245.591717660894 171.914202362626 73.6775152982682 257.607271959876 180.325090371913 77.2821815879628 336.740851931043 235.71859635173 101.022255579313 157.168901072181 110.018230750527 47.1506703216543 207.243532132565 145.070472492796 62.1730596397696
"214" "6" "13" "pub" 202.43 141.701 60.729 56.781465272366 39.7470256906562 17.0344395817098 135.107656682812 94.5753596779681 40.5322970048435 164.590137720776 115.213096404543 49.3770413162328 83.8444875813286 58.69114130693 25.1533462743986 90.5661689853366 63.3963182897356 27.169850695601
"248" "7" "13" "pub" 196.855 137.7985 59.0565 70.809336724072 49.5665357068504 21.2428010172216 170.602424329681 119.421697030776 51.1807272989042 211.026805699213 147.718763989449 63.3080417097639 128.056334851864 89.6394343963046 38.4169004555591 109.05909496033 76.3413664722308 32.7177284880989
"282" "8" "13" "pub" 105.89 74.123 31.767 262.467382526448 183.727167768514 78.7402147579344 498.058104389235 348.640673072464 149.417431316771 675.721179946824 473.004825962777 202.716353984047 555.063988002568 388.544791601797 166.51919640077 421.756572994749 295.229601096325 126.526971898425
"316" "9" "13" "pub" 0 0 0 40.562964254155 28.3940749779085 12.1688892762465 266.622555658689 186.635788961082 79.9867666976066 478.995859923541 335.297101946479 143.698757977062 453.690823534527 317.583576474169 136.107247060358 369.984009890623 258.988806923436 110.995202967187
"44" "10" "13" "pub" 144.03 100.821 43.209 0 0 0 98.2640175961631 68.7848123173142 29.4792052788489 216.138333522298 151.296833465609 64.8415000566894 182.514871307773 127.760409915441 54.754461392332 158.550805152906 110.985563607034 47.5652415458717
"12" "1" "14" "pub" 0 0 0 41.923 29.3461 12.5769 64.28831682837 45.001821779859 19.286495048511 61.671252918976 43.1698770432832 18.5013758756928 136.769869464531 95.7389086251719 41.0309608393594 72.6942507785655 50.8859755449959 21.8082752335696
"80" "2" "14" "pub" 200.995 140.6965 60.2985 168.346071428571 117.84225 50.5038214285714 79.2978732594779 55.5085112816345 23.7893619778434 43.1563018389825 30.2094112872878 12.9468905516948 83.2801969442038 58.2961378609427 24.9840590832611 37.2557727410306 26.0790409187214 11.1767318223092
"114" "3" "14" "pub" 116.25 81.375 34.875 162.383095238095 113.668166666667 48.7149285714286 81.4923739735489 57.0446617814842 24.4477121920647 43.0741955168244 30.1519368617771 12.9222586550473 78.833616288367 55.1835314018569 23.6500848865101 34.8537103006692 24.3975972104684 10.4561130902007
"148" "4" "14" "pub" 149.875 104.9125 44.9625 239.265476190476 167.485833333333 71.7796428571428 143.996846677138 100.797792673996 43.1990540031414 88.1381120556995 61.6966784389897 26.4414336167099 141.83348602617 99.283440218319 42.550045807851 63.0969168293149 44.1678417805204 18.9290750487945
"182" "5" "14" "pub" 517.8 362.46 155.34 370.285857142857 259.2001 111.085757142857 253.795365019831 177.656755513882 76.1386095059494 267.378222052014 187.16475543641 80.2134666156042 352.95300167979 247.067101175853 105.885900503937 165.915307241558 116.140715069091 49.7745921724675
"216" "6" "14" "pub" 0 0 0 170.11425 119.079975 51.034275 53.1740004896082 37.2218003427257 15.9522001468825 127.264676856794 89.0852737997558 38.1794030570382 156.154450855113 109.308115598579 46.8463352565338 86.7419609888166 60.7193726921716 26.022588296645
"250" "7" "14" "pub" 205.525 143.8675 61.6575 45.163 31.6141 13.5489 42.4227507487643 29.695925524135 12.7268252246293 86.5405162336909 60.5783613635836 25.9621548701073 114.005271943665 79.8036903605655 34.2015815830995 86.1001877422768 60.2701314195938 25.8300563226831
"284" "8" "14" "pub" 259.255 181.4785 77.7765 103.56225 72.493575 31.068675 121.203183685573 84.8422285799011 36.3609551056719 258.667769136171 181.06743839532 77.6003307408514 354.387829123993 248.071480386795 106.316348737198 281.281321044146 196.896924730902 84.3843963132437
"318" "9" "14" "pub" 317.455 222.2185 95.2365 90.11925 63.083475 27.035775 129.354528691211 90.5481700838478 38.8063586073633 424.46389399437 297.124725796059 127.339168198311 694.278202404563 485.994741683194 208.283460721369 617.96845340376 432.577917382632 185.390536021128
"46" "10" "14" "pub" 90.965 63.6755 27.2895 72.015 50.4105 21.6045 0 0 0 49.1320087980816 34.3924061586571 14.7396026394245 108.069166761149 75.6484167328043 32.4207500283447 91.2574356538866 63.8802049577206 27.377230696166
"14" "1" "15" "pub" 0 0 0 70.34825 49.243775 21.104475 94.555675 66.1889725 28.3667025 82.3993249449317 57.6795274614522 24.7197974834795 67.5252706247735 47.2676894373415 20.2575811874321 145.402457975323 101.781720582726 43.6207373925969
"82" "2" "15" "pub" 203.33 142.331 60.999 109.810555555556 76.8673888888889 32.9431666666667 109.672203703704 76.7705425925926 32.9016611111111 53.0220969603742 37.1154678722619 15.9066290881122 28.5087594947399 19.9561316463179 8.55262784842196 53.8470054679125 37.6929038275387 16.1541016403737
"116" "3" "15" "pub" 111.205 77.8435 33.3615 94.5637301587302 66.1946111111111 28.369119047619 125.583180650038 87.9082264550264 37.6749541950113 67.2320753165484 47.0624527215839 20.1696225949645 38.0798952715868 26.6559266901108 11.423968581476 66.2754462784567 46.3928123949197 19.882633883537
"150" "4" "15" "pub" 122.105 85.4735 36.6315 111.433839285714 78.0036875 33.4301517857143 132.994396003401 93.0960772023809 39.8983188010204 79.2688788412086 55.488215188846 23.7806636523626 56.8637599984738 39.8046319989317 17.0591279995421 86.780514080257 60.7463598561799 26.0341542240771
"184" "5" "15" "pub" 0 0 0 321.575625 225.1029375 96.4726875 309.266049107143 216.486234375 92.7798147321428 193.374392162272 135.36207451359 58.0123176486815 192.354449272483 134.648114490738 57.706334781745 261.402999520351 182.982099664246 78.4208998561053
"218" "6" "15" "pub" 0 0 0 153.427916666667 107.399541666667 46.028375 155.962849702381 109.173994791667 46.7888549107143 86.5659456762631 60.5961619733842 25.9697837028789 120.423046999672 84.2961328997704 36.1269140999016 154.891636188872 108.42414533221 46.4674908566616
"252" "7" "15" "pub" 359.91 251.937 107.973 241.457583333333 169.020308333333 72.437275 126.071070833333 88.2497495833333 37.82132125 91.2557983355804 63.8790588349063 27.3767395006741 196.418323387965 137.492826371575 58.9254970163894 259.691089903789 181.783762932653 77.9073269711368
"286" "8" "15" "pub" 0 0 0 48.14735 33.703145 14.444205 16.6645725 11.66520075 4.99937175 21.1751353769421 14.8225947638595 6.35254061308263 55.5792494932231 38.9054746452561 16.6737748479669 84.0382570807187 58.8267799565031 25.2114771242156
"320" "9" "15" "pub" 108.805 76.1635 32.6415 191.577325 134.1041275 57.4731975 68.4615825 47.92310775 20.53847475 74.688902926687 52.2822320486809 22.4066708780061 225.872574024703 158.110801817292 67.7617722074109 360.558168945779 252.390718262046 108.167450683734
"48" "10" "15" "pub" 90.965 63.6755 27.2895 237.059825 165.9418775 71.1179475 104.4690825 73.12835775 31.34072475 74.688902926687 52.2822320486809 22.4066708780061 250.438578423744 175.307004896621 75.1315735271231 414.592752326354 290.214926628448 124.377825697906
"16" "1" "16" "pub" 100.02 70.014 30.006 71.1655 49.81585 21.34965 98.2297069444444 68.7607948611111 29.4689120833333 118.757595046296 83.1303165324074 35.6272785138889 88.5971601393229 62.0180120975261 26.5791480417969 67.3745458542164 47.1621820979515 20.2123637562649
"84" "2" "16" "pub" 100.46 70.322 30.138 105.4400625 73.80804375 31.63201875 66.0019375 46.20135625 19.80058125 74.0926613095238 51.8648629166667 22.2277983928571 37.5317061307343 26.272194291514 11.2595118392203 20.686757319319 14.4807301235233 6.2060271957957
"118" "3" "16" "pub" 159.46 111.622 47.838 133.4859375 93.44015625 40.04578125 108.284354662698 75.7990482638889 32.4853063988095 134.037182696051 93.8260278872354 40.2111548088152 73.870713962942 51.7094997740594 22.1612141888826 45.8378494083656 32.0864945858559 13.7513548225097
"152" "4" "16" "pub" 112.1 78.47 33.63 36.6315 25.64205 10.98945 100.961033035714 70.672723125 30.2883099107143 104.84418911352 73.3909323794643 31.4532567340561 64.3892860064396 45.0725002045077 19.3167858019319 57.4535623467637 40.2174936427346 17.2360687040291
"186" "5" "16" "pub" 0 0 0 24.421 17.0947 7.3263 174.55114702381 122.185802916667 52.3653441071429 174.506137050383 122.154295935268 52.3518411151148 106.418829204874 74.4931804434116 31.9256487614621 107.465020440906 75.2255143086341 32.2395061322718
"220" "6" "16" "pub" 105.53 73.871 31.659 78.7303125 55.11121875 23.61909375 208.008861979167 145.606203385417 62.40265859375 180.926448251488 126.648513776042 54.2779344754464 110.506702443654 77.3546917105581 33.1520107330963 149.761355971578 104.832949180105 44.9284067914735
"254" "7" "16" "pub" 207.66 145.362 62.298 227.1931875 159.03523125 68.15795625 198.039406354167 138.627584447917 59.41182190625 114.657998157738 80.2605987104167 34.3973994473214 81.2476348955642 56.8733444268949 24.3742904686693 166.021125273719 116.214787691603 49.8063375821158
"288" "8" "16" "pub" 120.555 84.3885 36.1665 38.08175 26.657225 11.424525 91.12573875 63.788017125 27.337721625 32.293840125 22.6056880875 9.6881520375 36.7286837128115 25.710078598968 11.0186051138434 106.845025655258 74.7915179586803 32.0535076965773
"322" "9" "16" "pub" 0 0 0 43.120125 30.1840875 12.9360375 89.379800625 62.5658604375 26.8139401875 35.3974850625 24.77823954375 10.61924551875 31.742783743842 22.2199486206894 9.52283512315259 100.294894730331 70.2064263112316 30.0884684190993
"50" "10" "16" "pub" 0 0 0 88.602625 62.0218375 26.5807875 207.909713125 145.5367991875 62.3729139375 87.6320263125 61.34241841875 26.28960789375 69.0872352071854 48.3610646450298 20.7261705621556 225.514183942203 157.859928759542 67.6542551826608
"18" "1" "17" "pub" 209.8125 163.1875 93.25 356.95278 277.62994 158.64568 407.3468164875 316.8253017125 181.04302955 443.970024827773 345.31001931049 197.320011034566 476.349305366946 370.493904174291 211.710802385309 463.26406953735 360.31649852905 205.8951420166
"86" "2" "17" "pub" 408.9735 318.0905 181.766 325.8636075 253.4494725 144.82827 311.899021967045 242.588128196591 138.621787540909 278.641931979481 216.721502650707 123.840858657547 281.432854159792 218.89221990206 125.081268515463 250.1236888056 194.5406468488 111.1660839136
"120" "3" "17" "pub" 435.483 338.709 193.548 395.204082954545 307.380953409091 175.646259090909 329.40449295687 256.20349452201 146.40199686972 300.770686370626 233.932756066042 133.675860609167 289.866087500529 225.4514013893 128.829372222457 256.225664069998 199.286627609999 113.878072919999
"154" "4" "17" "pub" 592.533 460.859 263.348 538.599379545455 418.910628535354 239.377502020202 460.798273683767 358.398657309597 204.799232748341 434.600354934411 338.022498282319 193.155713304183 429.005808705977 333.671184549093 190.669248313767 395.172259758046 307.356202034036 175.632115448021
"188" "5" "17" "pub" 420.669 327.187 186.964 324.130042307692 252.101144017094 144.057796581197 267.933939224899 208.393063841588 119.081750766622 324.093901622792 252.073034595505 144.041734054574 332.911236363972 258.930961616423 147.960549495099 288.027575596456 224.021447686133 128.012255820647
"222" "6" "17" "pub" 676.7145 526.3335 300.762 571.393730192308 444.417345705128 253.952768974359 497.569219494342 386.998281828932 221.141875330818 533.448162217234 414.904126168959 237.088072096548 535.737093124648 416.684405763615 238.105374722066 482.693275538859 375.42810319689 214.530344683937
"256" "7" "17" "pub" 574.668 446.964 255.408 620.676373928571 482.748290833333 275.856166190476 605.168309785067 470.686463166163 268.963693237807 588.558772196024 457.767933930241 261.581676531566 565.050448735887 439.483682350134 251.133532771505 525.641554329866 408.83232003434 233.618468591052
"290" "8" "17" "pub" 187.524 145.852 83.344 198.843417857143 154.655991666667 88.3748523809524 183.369717207908 142.620891161706 81.4976520924036 208.530420946918 162.190327403159 92.6801870875193 159.988295913741 124.435341266243 71.105909294996 148.840142546917 115.764555314269 66.1511744652966
"324" "9" "17" "pub" 406.638 316.274 180.728 464.549635714286 361.316383333333 206.466504761905 575.600440755102 447.689231698413 255.822418113379 721.12711588443 560.87664568789 320.50094039308 808.563043368899 628.882367064699 359.3613526084 827.632901020768 643.714478571708 367.836844898119
"52" "10" "17" "pub" 0 0 0 27.124875 21.097125 12.0555 67.4371884375 52.4511465625 29.97208375 158.486715520312 123.267445404687 70.43854023125 123.594651750234 96.1291735835156 54.9309563334375 99.9702914058766 77.7546710934596 44.4312406248341
"1" "1" "1" "priv" 0 0 0 6140.59312997135 0 0 7111.64318006647 0 0 8230.01253720953 0 0 8937.00893141786 0 0 9070.93986411604 0 0
"69" "2" "1" "priv" 0 0 0 0 0 0 0 0 0 0 0 0 0 0 0 0 0 0
"103" "3" "1" "priv" 0 0 0 0 0 0 0 0 0 0 0 0 0 0 0 0 0 0
"137" "4" "1" "priv" 0 0 0 0 0 0 0 0 0 0 0 0 0 0 0 0 0 0
"171" "5" "1" "priv" 0 0 0 0 0 0 0 0 0 0 0 0 0 0 0 0 0 0
"205" "6" "1" "priv" 0 0 0 0 0 0 0 0 0 0 0 0 0 0 0 0 0 0
"239" "7" "1" "priv" 0 0 0 0 0 0 0 0 0 0 0 0 0 0 0 0 0 0
"273" "8" "1" "priv" 0 0 0 0 0 0 0 0 0 0 0 0 0 0 0 0 0 0
"307" "9" "1" "priv" 0 0 0 0 0 0 0 0 0 0 0 0 0 0 0 0 0 0
"35" "10" "1" "priv" 0 0 0 0 0 0 0 0 0 0 0 0 0 0 0 0 0 0
"19" "1" "2" "priv" 8869.04 0 0 0 0 0 6140.59312997135 0 0 7111.64318006647 0 0 8230.01253720953 0 0 8937.00893141786 0 0
"87" "2" "2" "priv" 0 0 0 0 0 0 0 0 0 0 0 0 0 0 0 0 0 0
"121" "3" "2" "priv" 0 0 0 0 0 0 0 0 0 0 0 0 0 0 0 0 0 0
"155" "4" "2" "priv" 0 0 0 0 0 0 0 0 0 0 0 0 0 0 0 0 0 0
"189" "5" "2" "priv" 0 0 0 0 0 0 0 0 0 0 0 0 0 0 0 0 0 0
"223" "6" "2" "priv" 0 0 0 0 0 0 0 0 0 0 0 0 0 0 0 0 0 0
"257" "7" "2" "priv" 0 0 0 0 0 0 0 0 0 0 0 0 0 0 0 0 0 0
"291" "8" "2" "priv" 0 0 0 0 0 0 0 0 0 0 0 0 0 0 0 0 0 0
"325" "9" "2" "priv" 0 0 0 0 0 0 0 0 0 0 0 0 0 0 0 0 0 0
"53" "10" "2" "priv" 0 0 0 0 0 0 0 0 0 0 0 0 0 0 0 0 0 0
"21" "1" "3" "priv" 2967.111 329.679 0 6530.83854545455 725.648727272727 0 0 0 0 4521.70948661527 502.412165179474 0 5236.7554325944 581.861714732711 0 6060.28195921793 673.364662135325 0
"89" "2" "3" "priv" 389.358 43.262 0 1209.41454545455 134.379393939394 0 0 0 0 837.353608632457 93.0392898480508 0 969.769524554519 107.752169394947 0 1122.27443689221 124.69715965469 0
"123" "3" "3" "priv" 0 0 0 241.882909090909 26.8758787878788 0 0 0 0 167.470721726491 18.6078579696102 0 193.953904910904 21.5504338789893 0 224.454887378442 24.939431930938 0
"157" "4" "3" "priv" 0 0 0 0 0 0 0 0 0 0 0 0 0 0 0 0 0 0
"191" "5" "3" "priv" 0 0 0 0 0 0 0 0 0 0 0 0 0 0 0 0 0 0
"225" "6" "3" "priv" 0 0 0 0 0 0 0 0 0 0 0 0 0 0 0 0 0 0
"259" "7" "3" "priv" 0 0 0 0 0 0 0 0 0 0 0 0 0 0 0 0 0 0
"293" "8" "3" "priv" 0 0 0 0 0 0 0 0 0 0 0 0 0 0 0 0 0 0
"327" "9" "3" "priv" 0 0 0 0 0 0 0 0 0 0 0 0 0 0 0 0 0 0
"55" "10" "3" "priv" 0 0 0 0 0 0 0 0 0 0 0 0 0 0 0 0 0 0
"23" "1" "4" "priv" 1582.87 279.33 0 1320.4856744186 233.02688372093 0 2921.97054263566 515.641860465116 0 0 0 0 2023.06362809134 357.011228486706 0 2342.98321823895 413.467626748051 0
"91" "2" "4" "priv" 1802.4505 318.0795 0 1188.60368325581 209.753591162791 0 2693.84433336152 475.384294122622 0 0 0 0 1865.11753319999 329.138388211763 0 2160.06012843681 381.187081488848 0
"125" "3" "4" "priv" 913.308 161.172 0 396.145702325581 69.9080651162791 0 917.711257336153 161.949045412262 0 0 0 0 635.389111120905 112.127490197807 0 735.86712930654 129.858905171742 0
"159" "4" "4" "priv" 456.1355 80.4945 0 264.76344 46.72296 0 840.677488484849 148.354850909091 0 0 0 0 582.053797289406 102.715375992248 0 674.097571734786 118.958395012021 0
"193" "5" "4" "priv" 334.883 59.097 0 0 0 0 164.480378181818 29.0259490909091 0 0 0 0 113.880090774014 20.096486607179 0 131.888655339415 23.2744685893085 0
"227" "6" "4" "priv" 0 0 0 0 0 0 0 0 0 0 0 0 0 0 0 0 0 0
"261" "7" "4" "priv" 0 0 0 0 0 0 0 0 0 0 0 0 0 0 0 0 0 0
"295" "8" "4" "priv" 0 0 0 0 0 0 0 0 0 0 0 0 0 0 0 0 0 0
"329" "9" "4" "priv" 0 0 0 0 0 0 0 0 0 0 0 0 0 0 0 0 0 0
"57" "10" "4" "priv" 0 0 0 0 0 0 0 0 0 0 0 0 0 0 0 0 0 0
"25" "1" "5" "priv" 808.65506854892 209.13493145108 0 638.207265364851 165.053603056202 0 516.13991107867 133.484459716923 0 1145.40494533689 296.225416798048 0 0 0 0 793.035744383936 205.09545106494 0
"93" "2" "5" "priv" 854.65780827812 221.03219172188 0 826.888383393364 213.850443909267 0 652.368774338723 168.716062272354 0 1450.84588075954 375.218762139463 0 0 0 0 1004.51167748023 259.787502709418 0
"127" "3" "5" "priv" 1012.07616445336 261.74383554664 0 1249.79482673544 323.222799909301 0 827.637662808416 214.044223068267 0 1873.06917993816 484.414442924869 0 0 0 0 1296.84337180679 335.390527078844 0
"161" "4" "5" "priv" 732.92136991356 189.54863008644 0 1290.51340762325 333.753467376752 0 717.278129538158 185.50296447347 0 1859.49648262218 480.90426258571 0 0 0 0 1287.44614145338 332.960208884811 0
"195" "5" "5" "priv" 904.29150691168 233.86849308832 0 752.042144608462 194.493658023117 0 249.668399152713 64.5694135523058 0 717.818032377154 185.642594517991 0 0 0 0 496.990483545537 128.532021563465 0
"229" "6" "5" "priv" 0 0 0 0 0 0 0 0 0 0 0 0 0 0 0 0 0 0
"263" "7" "5" "priv" 0 0 0 0 0 0 0 0 0 0 0 0 0 0 0 0 0 0
"297" "8" "5" "priv" 0 0 0 0 0 0 0 0 0 0 0 0 0 0 0 0 0 0
"331" "9" "5" "priv" 0 0 0 0 0 0 0 0 0 0 0 0 0 0 0 0 0 0
"59" "10" "5" "priv" 0 0 0 0 0 0 0 0 0 0 0 0 0 0 0 0 0 0
"27" "1" "6" "priv" 853.51728 235.15272 0 485.618299154977 133.792796705963 0 398.707634433485 109.848021731675 0 320.789449762635 88.3807667713383 0 712.204856715564 196.219705421635 0 0 0 0
"95" "2" "6" "priv" 1243.228 342.522 0 678.594331889249 186.959662867446 0 605.323913165743 166.772914851786 0 474.868019812717 130.830985050442 0 1056.69462925549 291.130152958145 0 0 0 0
"129" "3" "6" "priv" 1382.3096 380.8404 0 533.192587735453 146.899998661808 0 578.098094829114 159.271924085572 0 418.021744166306 115.169256045819 0 943.018550506821 259.8112333029 0 0 0 0
"163" "4" "6" "priv" 2768.68032 762.79968 0 859.767250314021 236.87465059672 0 1087.45298147633 299.604392855723 0 706.195937754473 194.564186932355 0 1647.15295209705 453.807445985922 0 0 0 0
"197" "5" "6" "priv" 1297.54352 357.48648 0 793.730982008227 218.680984839001 0 901.751960059613 248.441866547036 0 458.604094641489 126.350107707349 0 1161.11718907465 319.899633724648 0 0 0 0
"231" "6" "6" "priv" 169.79872 46.78128 0 265.875178466142 73.2513246794472 0 391.72369804917 107.923875993139 0 217.64500372592 59.9634193938759 0 550.48362497937 151.663855861663 0 0 0 0
"265" "7" "6" "priv" 183.7696 50.6304 0 638.718490431931 175.973461649614 0 731.392597986548 201.506123935069 0 327.73319013646 90.2938380988205 0 882.655557371056 243.180612745087 0 0 0 0
"299" "8" "6" "priv" 145.98864 40.22136 0 0 0 0 0 0 0 0 0 0 0 0 0 0 0 0
"333" "9" "6" "priv" 0 0 0 0 0 0 0 0 0 0 0 0 0 0 0 0 0 0
"61" "10" "6" "priv" 0 0 0 0 0 0 0 0 0 0 0 0 0 0 0 0 0 0
"29" "1" "7" "priv" 949.3458817596 311.5041182404 0 646.562032537075 212.153167462925 0 364.289848421378 119.532606815654 0 305.089613068739 100.107529541428 0 243.95348385743 80.0472370932197 0 541.91648271614 177.816346341067 0
"97" "2" "7" "priv" 630.2494113708 206.8005886292 0 611.005244739229 200.486096437242 0 328.391670569853 107.753517178324 0 288.002615679007 94.500858508739 0 226.5092973096 74.323363367733 0 504.193881914684 165.438617921776 0
"131" "3" "7" "priv" 1187.28282278736 389.57717721264 0 850.148153046512 278.954863424076 0 423.876938282009 139.084620725635 0 394.502359611727 129.446087075066 0 302.988997192788 99.4182649553881 0 676.965946712911 222.129451827109 0
"165" "4" "7" "priv" 1435.26399910296 470.94600089704 0 1479.9292626875 485.601790547793 0 572.171878118051 187.743897982433 0 625.937671118858 205.385798855453 0 442.161362495031 145.08419743571 0 1006.33257942759 330.202878460013 0
"199" "5" "7" "priv" 1220.26917570792 400.40082429208 0 1900.28483579502 623.530963322626 0 692.567135309404 227.248591848283 0 836.183510904365 274.372715209592 0 527.311988114205 173.024246537684 0 1241.28102281564 407.295336641741 0
"233" "6" "7" "priv" 863.51811710736 283.34188289264 0 1108.83191218093 363.835472104785 0 482.586942811546 158.348841010623 0 593.048735738996 194.594116906635 0 346.284824610359 113.624708362717 0 838.461389826725 275.120144232883 0
"267" "7" "7" "priv" 1012.9694111316 332.3805888684 0 924.6103098759 303.387758695529 0 1032.92127838901 338.927295328798 0 1210.47334932429 397.186568751821 0 586.32506406412 192.387912132735 0 1527.23839874798 501.125100856909 0
"301" "8" "7" "priv" 203.84376457848 66.88623542152 0 157.340904237796 51.6274843336322 0 95.0531527722165 31.1893158322851 0 127.619188515167 41.875046337473 0 66.2456667713138 21.7368594643264 0 170.737852714684 56.0233580637316 0
"335" "9" "7" "priv" 146.1458822616 47.9541177384 0 47.4200459535557 15.5597026178728 0 95.0531527722165 31.1893158322851 0 127.619188515167 41.875046337473 0 66.2456667713138 21.7368594643264 0 170.737852714684 56.0233580637316 0
"63" "10" "7" "priv" 441.223529136 144.776470864 0 0 0 0 0 0 0 0 0 0 0 0 0 0 0 0
"31" "1" "8" "priv" 0 0 0 228.301202675653 97.84337257528 0 164.76464611246 70.6134197624828 0 92.0229290423886 39.4383981610237 0 77.7308001740521 33.3132000745938 0 61.961524227304 26.5549389545588 0
"99" "2" "8" "priv" 1302.294 558.126 0 1155.99351536899 495.425792300996 0 888.162299250766 380.640985393186 0 485.696953601781 208.155837257906 0 418.164846573108 179.213505674189 0 330.93998158831 141.831420680704 0
"133" "3" "8" "priv" 594.692 254.868 0 502.034328076589 215.157569175681 0 428.364157921659 183.584639109282 0 217.133525126559 93.0572250542397 0 198.597259829804 85.1131113556302 0 153.28105132274 65.6918791383169 0
"167" "4" "8" "priv" 1148.245 492.105 0 939.63600642468 402.701145610577 0 829.794293357023 355.626125724439 0 360.849837361765 154.649930297899 0 367.48728106771 157.494549029019 0 267.803677037118 114.773004444479 0
"201" "5" "8" "priv" 1427.972 611.988 0 966.538541080821 414.230803320352 0 1046.65450977403 448.566218474584 0 415.306355344872 177.988438004945 0 457.231426314044 195.956325563162 0 314.669456179105 134.858338362474 0
"235" "6" "8" "priv" 984.424 421.896 0 824.137675991254 353.201861139109 0 1136.7011777608 487.157647611771 0 448.592309877906 192.253847090531 0 535.124852786526 229.339222622797 0 333.806589726089 143.059967025467 0
"269" "7" "8" "priv" 597.576 256.104 0 1042.23818477253 446.673507759655 0 1287.80280586821 551.915488229232 0 668.409237352496 286.461101722498 0 790.197115073608 338.655906460118 0 454.746021258392 194.891151967882 0
"303" "8" "8" "priv" 473.298 202.842 0 189.458133539333 81.1963429454286 0 212.839557022575 91.2169530096751 0 126.058209342542 54.0249468610894 0 153.46368817832 65.7701520764231 0 83.1126541896516 35.6197089384221 0
"337" "9" "8" "priv" 714.658 306.282 0 1108.0329151619 474.871249355101 0 1065.30691514964 456.560106492702 0 874.889527459156 374.952654625353 0 1044.99479517528 447.854912217975 0 533.190763782001 228.510327335143 0
"65" "10" "8" "priv" 648.809 278.061 0 564.905496908249 242.102355817821 0 122.498637782842 52.4994161926465 0 110.592115490533 47.3966209245141 0 148.48193482755 63.635114926093 0 77.0752806892894 33.0322631525526 0
"33" "1" "9" "priv" 117.894 78.596 0 111.6252 74.4168 0 164.314073510386 109.542715673591 0 123.203810253626 82.1358735024171 0 67.9234328922637 45.2822885948425 0 58.051501184567 38.7010007897114 0
"101" "2" "9" "priv" 557.838 371.892 0 419.944547368421 279.963031578947 0 501.82617875273 334.550785835153 0 381.786181142205 254.52412076147 0 208.952656772656 139.301771181771 0 179.674954949606 119.783303299738 0
"135" "3" "9" "priv" 700.782 467.188 0 691.388489878542 460.925659919028 0 601.56565285034 401.043768566893 0 480.843542558659 320.562361705772 0 252.518634429972 168.345756286648 0 224.127889284443 149.418592856296 0
"169" "4" "9" "priv" 1397.76 931.84 0 859.360861214575 572.907240809717 0 711.475245663724 474.316830442482 0 614.439324492356 409.626216328237 0 292.199511669986 194.799674446658 0 279.100244440611 186.066829627074 0
"203" "5" "9" "priv" 604.494 402.996 0 668.930461538461 445.953641025641 0 514.586613047493 343.057742031662 0 491.2738954452 327.5159302968 0 207.814290594615 138.54286039641 0 217.334080152699 144.889386768466 0
"237" "6" "9" "priv" 1158.318 772.212 0 652.452123636364 434.968082424243 0 494.364014971526 329.576009981018 0 562.490122318577 374.993414879051 0 229.015333064765 152.676888709843 0 257.513212961492 171.675475307662 0
"271" "7" "9" "priv" 925.446 616.964 0 1182.01933454545 788.01288969697 0 1045.77847769233 697.185651794888 0 1252.65625905724 835.104172704829 0 548.464055479462 365.642703652974 0 633.480330854356 422.320220569571 0
"305" "8" "9" "priv" 973.974 649.316 0 784.626681818182 523.084454545454 0 915.100356759108 610.066904506072 0 1154.45105991154 769.634039941024 0 567.112423188613 378.074948792409 0 673.450414006818 448.966942671212 0
"339" "9" "9" "priv" 652.026 434.684 0 414.7527 276.5018 0 504.689988728082 336.459992485388 0 435.751848929977 290.501232619985 0 351.837474110285 234.558316073524 0 422.786763089855 281.857842059903 0
"67" "10" "9" "priv" 1765.458 1176.972 0 979.4436 652.9624 0 993.107398024279 662.071598682853 0 659.86595589062 439.910637260413 0 530.920187797382 353.946791864921 0 647.172609075552 431.448406050368 0
"3" "1" "10" "priv" 125.484 83.656 0 204.61752 136.41168 0 167.761811368421 111.841207578947 0 219.026727006887 146.017818004591 0 165.550969626305 110.367313084203 0 90.9026973607957 60.6017982405305 0
"71" "2" "10" "priv" 281.442 187.628 0 259.4148 172.9432 0 217.545632453441 145.030421635628 0 254.362211682946 169.574807788631 0 194.64913822596 129.76609215064 0 105.877607807647 70.5850718717647 0
"105" "3" "10" "priv" 574.26 382.84 0 1051.76859428571 701.179062857143 0 856.290521448236 570.860347632157 0 802.251568985244 534.834379323496 0 642.431217899679 428.287478599786 0 334.469515597596 222.979677065064 0
"139" "4" "10" "priv" 598.314 398.876 0 742.9296 495.2864 0 552.388711551186 368.259141034124 0 455.602622543297 303.735081695531 0 394.869024183537 263.246016122358 0 187.44546291021 124.96364194014 0
"173" "5" "10" "priv" 863.682 575.788 0 832.43414025974 554.956093506493 0 616.11725410815 410.7448360721 0 499.817899761176 333.211933174117 0 446.533010888949 297.688673925966 0 205.687823561264 137.125215707509 0
"207" "6" "10" "priv" 536.112 357.408 0 738.685221818182 492.456814545455 0 594.344336567578 396.229557711719 0 465.302597895583 310.201731930389 0 498.467924799341 332.311949866228 0 209.001051049649 139.334034033099 0
"241" "7" "10" "priv" 1139.154 759.436 0 978.406059090909 652.270706060606 0 824.494085220174 549.662723480116 0 692.898738338193 461.932492225462 0 805.211378833242 536.807585888828 0 346.679950477063 231.119966984709 0
"275" "8" "10" "priv" 806.208 537.472 0 712.302864545455 474.868576363636 0 665.211049646451 443.474033097634 0 639.090453243777 426.060302162518 0 758.56903432914 505.71268955276 0 355.874148059592 237.249432039728 0
"309" "9" "10" "priv" 390.666 260.444 0 973.63996 649.093306666667 0 851.882645090909 567.921763393939 0 887.077074997733 591.384716665155 0 1000.75704654863 667.171364365754 0 522.989961051013 348.659974034009 0
"37" "10" "10" "priv" 984.6 656.4 0 2359.79124 1573.19416 0 1418.50795254545 945.671968363636 0 1531.37810554516 1020.91873703011 0 1249.72325466522 833.148836443477 0 897.829782125169 598.553188083446 0
"5" "1" "11" "priv" 0 0 0 71.489729790496 42.893837794944 17.87243241456 92.6076397183562 55.5645837282192 23.151909886758 76.510529899808 45.9063178549581 19.1276324395659 96.3278113972135 57.7966867314042 24.0819528047518 73.0962838208972 43.8577702114014 18.2740709214173
"73" "2" "11" "priv" 542.76216262351 325.65729697164 135.69054040485 348.163089099027 208.897853072955 87.0407721137314 481.923808756758 289.154284719119 120.4809519663 396.544142658533 237.926485154956 99.1360354812315 436.422909798986 261.853745394962 109.105727247901 338.605422423336 203.16325307815 84.6513554492291
"107" "3" "11" "priv" 308.44324350542 185.06594576088 77.1108107337 329.227542107385 197.536524898989 82.3068853745786 501.280044846018 300.76802635119 125.320010979663 403.281891157382 241.969134246786 100.820472602828 382.102339419341 229.261403227471 95.5255846781128 307.494728436042 184.496836720306 76.8736819667941
"141" "4" "11" "priv" 336.77297325923 202.06378358172 84.19324315905 444.338224315911 266.602934096331 111.084555873471 618.568638905165 371.141182656488 154.642159440203 479.70586248766 287.823516960122 119.926465400051 420.739953162072 252.443971430222 105.184988095926 351.736348970492 211.041808991868 87.9340870799449
"175" "5" "11" "priv" 915.61621699449 549.36972918036 228.90405382515 606.996010811957 364.197605813409 151.749002422254 712.104219078604 427.262530656727 178.026054440303 536.907473760342 322.144483660238 134.226868191766 447.984886859454 268.790931618409 111.996221507671 391.089066183276 234.653439275857 97.7722663649404
"209" "6" "11" "priv" 268.71351374192 161.22810794688 67.1783783112 496.071506213167 297.642903177261 124.017876323859 537.104088337666 322.262452406414 134.276021836006 416.669009596728 250.001405295534 104.167252206473 334.310235282281 200.586140798284 83.5775586659517 332.542420812384 199.525452118308 83.1356050492951
"243" "7" "11" "priv" 718.95135196246 431.37081037944 179.7378376581 861.732819265291 517.039690602651 215.433204417771 899.911779873384 539.947066925128 224.977944552137 737.397376314184 442.43842497 184.3493437375 603.582785501089 362.149670630677 150.895696096115 665.093442848902 399.056064971087 166.27336040462
"277" "8" "11" "priv" 371.0810813965 222.648648426 92.7702701775 776.071171830832 465.64270223706 194.017792598775 765.800253650423 459.480151340216 191.450063058423 668.557926331933 401.13475505706 167.139481273775 611.116497351453 366.669897732532 152.779124055222 703.908521295418 422.345111995912 175.977129998297
"311" "9" "11" "priv" 506.88648691734 304.13189158776 126.7216214949 831.978018725199 499.186810311624 207.99450429651 1173.92620562324 704.355722070887 293.48155086287 964.081091853037 578.448654041692 241.020272517372 960.009712680209 576.005826542515 240.002427726048 1046.67313275555 628.003878491522 261.668282704801
"39" "10" "11" "priv" 1369.43243359645 821.6594586378 342.35810776575 909.537298070404 545.722377832656 227.38432409694 2193.34089555803 1316.00453490021 548.335222875088 1414.52848490423 848.717089372413 353.632120571839 1515.33800861978 909.202803489843 378.834501454101 1336.39306960077 801.835840277068 334.098266782112
"7" "1" "12" "priv" 0 0 0 48.4055233557426 37.993351313358 22.1535576547794 48.0523743938106 37.7161657434795 21.9919334155084 65.0039741223529 51.0214259526644 29.7501026468809 53.5612368568135 42.0400555061342 24.5131519402929 61.830779686521 48.530795077751 28.297839743588
"75" "2" "12" "priv" 96.57699992486 75.803 44.20000007514 204.995020560641 160.899981938228 93.8192316103546 177.217242369796 139.097286453394 81.1062896150784 246.346836569896 193.356899334589 112.744547908627 202.030739628773 158.573326651222 92.4625812949254 222.608513307133 174.724760008589 101.880326708817
"109" "3" "12" "priv" 288.00083651062 226.051 131.80816348938 330.190177628672 259.165288363274 151.116786474551 295.070863643147 231.600243268521 135.043873855534 427.192101202406 335.30180967146 195.511259616019 343.904829336605 269.929877698471 157.393514960555 339.371835228139 266.371944104847 155.318918109434
"143" "4" "12" "priv" 187.9991835272 147.56 86.0408164728 245.537998863971 192.722045024868 112.374370467928 253.026202156215 198.599513517404 115.801465804678 349.966100314939 274.687351261826 160.167552028452 273.274896483865 214.492653471151 125.068602819702 243.969422739082 191.49087428973 111.656486656131
"177" "5" "12" "priv" 186.34036720196 146.258 85.28163279804 359.468470445434 282.145733315134 164.5164628541 321.039672804982 251.983084342753 146.928912402988 403.152170931391 316.432939901726 184.509003171815 308.552622420383 242.182035635087 141.214015187637 262.824937465582 206.290511718154 120.286012868133
"211" "6" "12" "priv" 205.75565290114 161.497 94.16734709886 540.237959600106 424.031167704822 247.248494708848 548.598531037343 430.593355359749 251.074843202191 609.132923787384 478.106620186794 278.779370845234 472.263590010895 370.678287184823 216.138943332347 386.64991879216 303.480371278934 176.956485011575
"245" "7" "12" "priv" 0 0 0 83.9753469080843 65.9120000271922 38.4326531424155 118.38022498882 92.9162865051646 54.1785928064853 121.235566015949 95.157435184952 55.485385041819 101.538477759619 79.6972491959871 46.4706993186428 86.5306984169809 67.9176878263535 39.6021504033898
"279" "8" "12" "priv" 113.49514276884 89.082 51.94285723116 399.313389676005 313.419891911745 182.752123874378 604.808134439573 474.712105890562 276.800062214328 646.501966179257 507.437470416508 295.8819074514 533.638632158631 418.851375223844 244.228207542794 460.683440821812 361.589062528197 210.83910387341
"313" "9" "12" "priv" 201.48375494528 158.144 92.21224505472 818.240438244186 642.234486352667 374.480750696482 1040.83762872384 816.950359107644 476.355895333213 1601.98301370402 1257.39170281005 733.173005800361 1225.40735814147 961.818590776984 560.827167587216 1230.53592886154 965.843990681685 563.1743395473
"41" "10" "12" "priv" 179.19229577895 140.6475 82.01020422105 778.605768322333 611.125351813142 356.341313616359 642.339836658788 504.170627334971 293.977042677586 1220.52212245345 957.984183815216 558.591361774804 833.841187582718 654.479468108456 381.620681761557 848.778447090727 666.20367866963 388.456956152873
"9" "1" "13" "priv" 102.75 71.925 30.825 37.9015 26.53105 11.37045 123.649428303664 86.554599812565 37.0948284910993 112.432913295342 78.7030393067394 33.7298739886026 154.691149704803 108.283804793362 46.407344911441 127.087309507085 88.9611166549595 38.1261928521255
"77" "2" "13" "priv" 140.705 98.4935 42.2115 92.17942854996 64.525599984972 27.653828564988 132.617231121118 92.8320617847829 39.7851693363355 116.804995896662 81.7634971276634 35.0414987689986 166.18532749753 116.329729248271 49.855598249259 134.845890664927 94.3921234654488 40.4537671994781
"111" "3" "13" "priv" 212.2 148.54 63.66 169.648610607228 118.75402742506 50.8945831821685 220.134974722425 154.094482305697 66.0404924167275 201.527680113393 141.069376079375 60.4583040340179 286.611176961047 200.627823872733 85.9833530883142 229.995375569716 160.996762898801 68.9986126709148
"145" "4" "13" "priv" 462.855 323.9985 138.8565 162.846904086988 113.992832860892 48.8540712260964 212.740932515062 148.918652760543 63.8222797545185 201.776158093784 141.243310665649 60.5328474281352 279.840141287398 195.888098901178 83.9520423862193 220.627365485442 154.439155839809 66.1882096456326
"179" "5" "13" "priv" 370.955 259.6685 111.2865 179.520961270824 125.664672889577 53.8562883812471 322.468266544717 225.727786581302 96.7404799634151 308.911911905868 216.238338334108 92.6735735717604 389.203388901515 272.442372231061 116.761016670455 300.644036007759 210.450825205431 90.1932108023278
"213" "6" "13" "priv" 333.515 233.4605 100.0545 141.665245679962 99.1656719759737 42.4995737039887 336.935291003497 235.854703702448 101.080587301049 330.73369491439 231.513586440073 99.2201084743171 381.78922524427 267.252457670989 114.536767573281 295.405408102595 206.783785671817 88.6216224307786
"247" "7" "13" "priv" 266.685 186.6795 80.0055 84.5818698379275 59.2073088865492 25.3745609513782 260.422504761889 182.295753333323 78.1267514285668 289.992417485055 202.994692239539 86.9977252455166 316.498304317331 221.548813022132 94.9494912951993 250.351135784536 175.245795049175 75.1053407353608
"281" "8" "13" "priv" 395.48 276.836 118.644 172.93707138442 121.055949969094 51.881121415326 686.355287522599 480.448701265819 205.90658625678 958.001051306685 670.600735914679 287.400315392005 1213.89393300818 849.725753105725 364.168179902453 964.557716877584 675.190401814308 289.367315063275
"315" "9" "13" "priv" 0 0 0 171.06562747264 119.745939230848 51.319688241792 714.682895028664 500.278026520065 214.404868508599 772.504128029405 540.752889620584 231.751238408822 1279.98359875962 895.988519131733 383.995079627886 939.943413124962 657.960389187474 281.983023937489
"43" "10" "13" "priv" 101.615 71.1305 30.4845 89.596147889475 62.7173035226325 26.8788443668425 389.302884161167 272.512018912817 116.79086524835 321.169918329394 224.818942830576 96.3509754988181 610.261061226727 427.182742858709 183.078318368018 416.920593791359 291.844415653951 125.076178137408
"11" "1" "14" "priv" 0 0 0 136.58425 95.608975 40.975275 64.479074992486 45.1353524947402 19.3437224977458 151.518044950506 106.062631465354 45.4554134851518 136.449724864872 95.5148074054107 40.9349174594617 189.652341873218 132.756639311253 56.8957025619655
"79" "2" "14" "priv" 221.095 154.7665 66.3285 123.962142857143 86.7735 37.1886428571429 90.4000525607228 63.280036792506 27.1200157682168 122.876448611493 86.0135140280448 36.8629345834478 110.51758798973 77.3623115928111 33.1552763969191 157.205636301541 110.043945411079 47.1616908904624
"113" "3" "14" "priv" 101.615 71.1305 30.4845 154.709982142857 108.2969875 46.4129946428571 85.9770362938171 60.183925405672 25.7931108881451 112.742814972657 78.9199704808602 33.8228444917972 104.112345693049 72.8786419851342 31.2337037079146 146.825758349147 102.778030844403 44.047727504744
"147" "4" "14" "priv" 207.855 145.4985 62.3565 288.876089285714 202.2132625 86.6628267857143 132.734270219151 92.9139891534057 39.8202810657453 186.220989534249 130.354692673974 55.8662968602746 175.267282643594 122.687097850516 52.5801847930783 238.971071862369 167.279750303658 71.6913215587107
"181" "5" "14" "priv" 476.41 333.487 142.923 508.643035714286 356.050125 152.592910714286 221.77519575956 155.242637031692 66.532558727868 404.438262008258 283.106783405781 121.331478602477 389.645462438083 272.751823706658 116.893638731425 486.022927148669 340.216049004068 145.806878144601
"215" "6" "14" "priv" 95.21 66.647 28.563 260.09725 182.068075 78.029175 100.436277283256 70.3053940982791 30.1308831849768 259.61552216841 181.730865517887 77.884656650523 266.864193576965 186.804935503875 80.0592580730894 301.669019133201 211.168313393241 90.5007057399603
"249" "7" "14" "priv" 115.28 80.696 34.584 101.9101875 71.33713125 30.57305625 38.5570912138165 26.9899638496716 11.567127364145 138.913351130195 97.2393457911367 41.6740053390586 180.11121626245 126.077851383715 54.0333648787351 218.667010766823 153.066907536776 65.6001032300469
"283" "8" "14" "priv" 251.87 176.309 75.561 219.2853125 153.49971875 65.78559375 100.847195016603 70.5930365116219 30.2541585049808 379.851416138992 265.895991297294 113.955424841698 487.529603053326 341.270722137328 146.258880915998 628.180324462194 439.726227123536 188.454097338658
"317" "9" "14" "priv" 147.955 103.5685 44.3865 183.87025 128.709175 55.161075 226.647594478362 158.653316134853 67.9942783435085 938.584949736739 657.009464815717 281.575484921022 1060.69426327772 742.485984294401 318.208278983315 1644.78909036163 1151.35236325314 493.436727108489
"45" "10" "14" "priv" 115.135 80.5945 34.5405 50.8075 35.56525 15.24225 44.7980739447375 31.3586517613162 13.4394221834213 194.651442080583 136.256009456408 58.395432624175 160.584959164697 112.409471415288 48.1754877494091 305.130530613363 213.591371429354 91.539159184009
"13" "1" "15" "priv" 211.855 148.2985 63.5565 77.38325 54.168275 23.214975 159.4833625 111.63835375 47.84500875 86.4472321398661 60.5130624979063 25.9341696419598 171.797095221953 120.257966655367 51.5391285665858 154.663421931547 108.264395352083 46.3990265794641
"81" "2" "15" "priv" 212.8 148.96 63.84 92.9808409090909 65.0865886363636 27.8942522727273 73.9006323863636 51.7304426704545 22.1701897159091 47.9130838983984 33.5391587288788 14.3739251695195 64.207951529385 44.9455660705695 19.2623854588155 58.3533459010932 40.8473421307652 17.506003770328
"115" "3" "15" "priv" 318.865 223.2055 95.6595 102.554609090909 71.7882263636364 30.7663827272727 113.613581720779 79.5295072045455 34.0840745162338 63.1571101742436 44.2099771219705 18.9471330522731 85.3097595461177 59.7168316822824 25.5929278638353 78.704657795052 55.0932604565364 23.6113973385156
"149" "4" "15" "priv" 243.335 170.3345 73.0005 141.8018 99.26126 42.54054 187.692750178571 131.384925125 56.3078250535714 89.6644210405222 62.7650947283655 26.8993263121567 131.595223911493 92.1166567380451 39.4785671734479 124.042221356851 86.8295549497957 37.2126664070553
"183" "5" "15" "priv" 95.21 66.647 28.563 293.51275 205.458925 88.053825 356.965848809524 249.876094166667 107.089754642857 156.671438528706 109.670006970094 47.0014315586118 273.692769440202 191.584938608141 82.1078308320605 264.082231205004 184.857561843503 79.2246693615013
"217" "6" "15" "priv" 212.27 148.589 63.681 233.7908 163.65356 70.13724 329.667351279762 230.767145895833 98.9002053839286 135.588068959158 94.9116482714105 40.6764206877474 302.446169563246 211.712318694272 90.7338508689737 310.032746135523 217.022922294866 93.0098238406569
"251" "7" "15" "priv" 140.495 98.3465 42.1485 180.9757 126.68299 54.29271 193.991829375 135.7942805625 58.1975488125 80.0603120893047 56.0422184625133 24.0180936267914 273.775644805654 191.642951363958 82.1326934416962 339.279378192025 237.495564734418 101.783813457608
"285" "8" "15" "priv" 0 0 0 59.23975 41.467825 17.771925 57.99908125 40.599356875 17.399724375 43.2500851919093 30.2750596343365 12.9750255575728 172.810146825785 120.967102778049 51.8430440477355 205.002597891288 143.501818523901 61.5007793673863
"319" "9" "15" "priv" 0 0 0 97.3313333333333 68.1319333333333 29.1994 94.5716645833333 66.2001652083333 28.371499375 86.2511262318556 60.3757883622989 25.8753378695567 351.950306691309 246.365214683917 105.585092007393 400.519887006788 280.363920904752 120.155966102037
"47" "10" "15" "priv" 108.29 75.803 32.487 192.990416666667 135.093291666667 57.897125 156.547997916667 109.583598541667 46.964399375 151.651204244171 106.155842970919 45.4953612732512 628.416187597126 439.891331317988 188.524856279138 676.329655704637 473.430758993246 202.898896711391
"15" "1" "16" "priv" 0 0 0 254.55675 178.189725 76.367025 98.3190568181818 68.8233397727273 29.4957170454545 161.426079460227 112.998255622159 48.4278238380682 90.2497266833256 63.1748086783279 27.0749180049977 168.500313973944 117.950219781761 50.5500941921833
"83" "2" "16" "priv" 0 0 0 109.001375 76.3009625 32.7004125 41.1922668181818 28.8345867727273 12.3576800454545 38.3575348977273 26.8502744284091 11.5072604693182 23.0307652550922 16.1215356785646 6.90922957652767 30.9811958029168 21.6868370620418 9.29435874087505
"117" "3" "16" "priv" 235.235 164.6645 70.5705 353.601125 247.5207875 106.0803375 142.100201363636 99.4701409545454 42.6300604090909 160.856788320617 112.599751824432 48.2570364961851 85.9918677063968 60.1943073944777 25.797560311919 119.694403944998 83.7860827614988 35.9083211834995
"151" "4" "16" "priv" 328.01 229.607 98.403 86.1061111111111 60.2742777777778 25.8318333333333 96.4613125 67.52291875 28.93839375 121.546901207011 85.0828308449074 36.4640703621032 55.3706744473934 38.7594721131754 16.611202334218 89.7722673665651 62.8405871565955 26.9316802099695
"185" "5" "16" "priv" 374.35 262.045 112.305 109.518055555556 76.6626388888889 32.8554166666667 153.363435 107.3544045 46.0090305 195.193020083168 136.635114058218 58.5579060249504 86.2270540246008 60.3589378172206 25.8681162073802 152.718661915664 106.903063340965 45.8155985746993
"219" "6" "16" "priv" 465.755 326.0285 139.7265 184.805166666667 129.363616666667 55.44155 272.5467 190.78269 81.76401 351.064875515873 245.745412861111 105.319462654762 147.737791407263 103.416453985084 44.3213374221788 326.498069687226 228.548648781058 97.9494209061677
"253" "7" "16" "priv" 115.135 80.5945 34.5405 122.016916666667 85.4118416666667 36.605075 171.3007275 119.91050925 51.39021825 194.872531765377 136.410772235764 58.4617595296131 87.1060670987658 60.974246969136 26.1318201296297 279.719560613052 195.803692429137 83.9158681839157
"287" "8" "16" "priv" 0 0 0 0 0 0 63.6858416666667 44.5800891666667 19.1057525 62.0996232291667 43.4697362604167 18.62988696875 51.8129367771041 36.2690557439729 15.5438810331312 209.587680754851 146.711376528395 62.8763042264552
"321" "9" "16" "priv" 0 0 0 12.6338333333333 8.84368333333333 3.79015 38.7374375 27.11620625 11.62123125 34.0258771875 23.81811403125 10.20776315625 32.0678282004625 22.4474797403238 9.62034846013876 131.973606334883 92.381524434418 39.5920819004649
"49" "10" "16" "priv" 115.28 80.696 34.584 79.4126666666667 55.5888666666667 23.8238 173.970083333333 121.779058333333 52.191025 146.325753333333 102.428027333333 43.897726 139.96125852301 97.9728809661073 41.9883775569031 578.155306468329 404.70871452783 173.446591940499
"17" "1" "17" "priv" 121.8285 94.7555 54.146 91.6998 71.3220666666667 40.7554666666667 330.114414375 256.755655625 146.7175175 339.435991169886 264.005770909912 150.860440519949 390.046216712797 303.369279665509 173.353874094576 357.957619162411 278.411481570764 159.092275183294
"85" "2" "17" "priv" 114.534 89.082 50.904 223.442175 173.788358333333 99.3076333333333 322.2228328125 250.617758854167 143.210147916667 314.743344895712 244.800379363331 139.885931064761 315.588164060664 245.457460936072 140.261406249184 294.605898621304 229.137921149903 130.935954942802
"119" "3" "17" "priv" 739.827 575.421 328.812 666.42856875 518.33333125 296.190475 664.188532697011 516.591080986564 295.194903420894 627.510532155997 488.063747232442 278.89356984711 591.303837623497 459.902984818276 262.801705610443 536.133309186012 416.992573811343 238.281470749339
"153" "4" "17" "priv" 786.8475 611.9925 349.71 850.26815951087 661.319679619565 377.896959782609 756.008160772625 588.006347267597 336.003627010056 638.71239664584 496.77630850232 283.87217628704 588.733007445347 457.90345023527 261.659114420154 510.699068222735 397.210386395461 226.977363654549
"187" "5" "17" "priv" 1029.042 800.366 457.352 875.790603662207 681.17046951505 389.240268294314 676.853426867915 526.441554230601 300.823745274629 613.722894215212 477.340028834054 272.765730762316 600.533780395052 467.081829196151 266.903902397801 502.622777585858 390.928827011223 223.38790114927
"221" "6" "17" "priv" 624.4515 485.6845 277.534 994.059195576923 773.157152115385 441.804086923077 910.520694157641 708.18276212261 404.675864070063 884.97243333062 688.311892590482 393.321081480276 915.623840943672 712.151876289522 406.943929308298 790.146619384631 614.558481743602 351.176275282058
"255" "7" "17" "priv" 557.019 433.237 247.564 530.108829642857 412.3068675 235.603924285714 558.136535957614 434.1061946337 248.060682647828 601.541498475826 467.865609925642 267.351777100367 646.070323235317 502.499140294135 287.142365882363 595.778431795467 463.383224729807 264.790414131319
"289" "8" "17" "priv" 97.3305 75.7015 43.258 119.034218571429 92.58217 52.9040971428571 132.747534004082 103.248082003175 58.9989040018141 174.508174661647 135.728580292392 77.5591887385099 198.444710548651 154.345885982284 88.1976491327339 193.314666883345 150.35585202038 85.9176297259313
"323" "9" "17" "priv" 117.1485 91.1155 52.066 266.922649285714 207.606505 118.632288571429 357.812532105612 278.298636082143 159.027792046939 459.39769607426 357.309319168869 204.176753810782 559.962898197502 435.526698598057 248.87239919889 646.09507783644 502.518393872786 287.153367927307
"51" "10" "17" "priv" 198.2205 154.1715 88.098 141.075225 109.725175 62.7001 101.87265625 79.2342881944444 45.2767361111111 151.3698471875 117.732103368056 67.2754876388889 159.7383414125 124.240932209722 70.9948184055556 157.142944926208 122.222290498162 69.8413088560925
