vol age ownership area
1 1 pub 0
1 2 pub 9556.38
1 3 pub 650.39
1 4 pub 3338.78
1 5 pub 1053.66
1 6 pub 231.39
1 7 pub 250.21
1 8 pub 309.48
1 9 pub 221.74
1 10 pub 192.63
1 11 pub 211.06
1 12 pub 202.27
1 13 pub 0
1 14 pub 0
1 15 pub 275.8
1 16 pub 245.27
1 17 pub 0
1 18 pub 222.41
1 19 pub 0
1 20 pub 0
1 21 pub 212.84
1 22 pub 0
1 23 pub 0
1 24 pub 241.77
1 25 pub 211.06
1 26 pub 0
1 27 pub 0
1 28 pub 0
1 29 pub 0
1 30 pub 0
1 31 pub 0
1 32 pub 0
1 33 pub 0
1 34 pub 0
1 35 pub 0
1 36 pub 0
1 37 pub 0
2 1 pub 0
2 2 pub 210.05
2 3 pub 0
2 4 pub 959.18
2 5 pub 2582.56
2 6 pub 824.41
2 7 pub 0
2 8 pub 870.84
2 9 pub 0
2 10 pub 1052.51
2 11 pub 767.93
2 12 pub 679.24
2 13 pub 812.84
2 14 pub 466.75
2 15 pub 200.92
2 16 pub 508.23
2 17 pub 0
2 18 pub 0
2 19 pub 655.77
2 20 pub 470.52
2 21 pub 0
2 22 pub 431.77
2 23 pub 443.28
2 24 pub 434.92
2 25 pub 623.25
2 26 pub 231.14
2 27 pub 831.63
2 28 pub 458.44
2 29 pub 0
2 30 pub 0
2 31 pub 282.39
2 32 pub 632.98
2 33 pub 0
2 34 pub 0
2 35 pub 0
2 36 pub 404.5
2 37 pub 227.21
3 1 pub 0
3 2 pub 245.27
3 3 pub 0
3 4 pub 288.06
3 5 pub 1584.72
3 6 pub 1705.99
3 7 pub 992.73
3 8 pub 469.98
3 9 pub 434.91
3 10 pub 929.18
3 11 pub 210.05
3 12 pub 917.88
3 13 pub 1127.38
3 14 pub 1687.63
3 15 pub 582.35
3 16 pub 877.5
3 17 pub 934.48
3 18 pub 1209.15
3 19 pub 1091.39
3 20 pub 229.12
3 21 pub 849.7
3 22 pub 1108.35
3 23 pub 0
3 24 pub 902.17
3 25 pub 1107.82
3 26 pub 1115.35
3 27 pub 197.88
3 28 pub 427.85
3 29 pub 463.5
3 30 pub 690.76
3 31 pub 382.29
3 32 pub 461.16
3 33 pub 533.68
3 34 pub 644.68
3 35 pub 0
3 36 pub 250.89
3 37 pub 1593.04
4 1 pub 0
4 2 pub 0
4 3 pub 0
4 4 pub 0
4 5 pub 231.39
4 6 pub 878.46
4 7 pub 683.07
4 8 pub 676.02
4 9 pub 951.32
4 10 pub 653.42
4 11 pub 383.2
4 12 pub 208.75
4 13 pub 1114.64
4 14 pub 1159.95
4 15 pub 690.3
4 16 pub 1863.93
4 17 pub 868.26
4 18 pub 835.82
4 19 pub 1543.09
4 20 pub 607.21
4 21 pub 1639.45
4 22 pub 939.84
4 23 pub 857.33
4 24 pub 2798.96
4 25 pub 2044.31
4 26 pub 2029.74
4 27 pub 2094.51
4 28 pub 1741.72
4 29 pub 681.54
4 30 pub 694.81
4 31 pub 1601.55
4 32 pub 845.68
4 33 pub 895.01
4 34 pub 232.5
4 35 pub 252.61
4 36 pub 414.81
4 37 pub 2152.86
5 1 pub 0
5 2 pub 0
5 3 pub 0
5 4 pub 0
5 5 pub 0
5 6 pub 0
5 7 pub 494.38
5 8 pub 872.94
5 9 pub 229.92
5 10 pub 1258.83
5 11 pub 201.31
5 12 pub 0
5 13 pub 939.96
5 14 pub 1099.76
5 15 pub 1732.92
5 16 pub 1688.61
5 17 pub 1157.25
5 18 pub 1419.81
5 19 pub 1513.41
5 20 pub 1556.55
5 21 pub 657.06
5 22 pub 1702.28
5 23 pub 1103.34
5 24 pub 1171.96
5 25 pub 841.38
5 26 pub 2895.56
5 27 pub 1371.22
5 28 pub 1312.51
5 29 pub 463.85
5 30 pub 426.03
5 31 pub 2622.4
5 32 pub 1183.32
5 33 pub 1629.56
5 34 pub 656.08
5 35 pub 996.78
5 36 pub 154.45
5 37 pub 1554.41
6 1 pub 0
6 2 pub 0
6 3 pub 0
6 4 pub 0
6 5 pub 0
6 6 pub 0
6 7 pub 275.8
6 8 pub 0
6 9 pub 178.46
6 10 pub 887.02
6 11 pub 0
6 12 pub 859.1
6 13 pub 405.3
6 14 pub 471.42
6 15 pub 742.27
6 16 pub 953.19
6 17 pub 610.96
6 18 pub 1856.11
6 19 pub 549.21
6 20 pub 2001.06
6 21 pub 641.38
6 22 pub 1215.96
6 23 pub 1335.02
6 24 pub 1252
6 25 pub 2652.87
6 26 pub 2550.5
6 27 pub 2381.51
6 28 pub 1564.68
6 29 pub 1288.88
6 30 pub 2111.11
6 31 pub 1376.18
6 32 pub 1184.45
6 33 pub 703.11
6 34 pub 241.77
6 35 pub 889.99
6 36 pub 241.1
6 37 pub 3448.59
7 1 pub 0
7 2 pub 0
7 3 pub 0
7 4 pub 0
7 5 pub 0
7 6 pub 0
7 7 pub 0
7 8 pub 265.9
7 9 pub 0
7 10 pub 0
7 11 pub 499.38
7 12 pub 233.05
7 13 pub 453.88
7 14 pub 231.39
7 15 pub 220.83
7 16 pub 815.22
7 17 pub 713.54
7 18 pub 1535.29
7 19 pub 402.32
7 20 pub 1687.14
7 21 pub 1400.88
7 22 pub 1554.23
7 23 pub 1403.22
7 24 pub 852.38
7 25 pub 732.8
7 26 pub 1067.93
7 27 pub 426.33
7 28 pub 641.37
7 29 pub 1209.9
7 30 pub 1477.86
7 31 pub 857
7 32 pub 1557.61
7 33 pub 802.3
7 34 pub 0
7 35 pub 412.31
7 36 pub 0
7 37 pub 1887.85
8 1 pub 0
8 2 pub 0
8 3 pub 0
8 4 pub 0
8 5 pub 0
8 6 pub 0
8 7 pub 0
8 8 pub 0
8 9 pub 0
8 10 pub 0
8 11 pub 0
8 12 pub 194.98
8 13 pub 241.61
8 14 pub 1395.51
8 15 pub 615.5
8 16 pub 681.54
8 17 pub 514.23
8 18 pub 957.35
8 19 pub 800.1
8 20 pub 1666.31
8 21 pub 1001.42
8 22 pub 1455.52
8 23 pub 265.03
8 24 pub 668.17
8 25 pub 483.76
8 26 pub 583.81
8 27 pub 704.77
8 28 pub 1169.55
8 29 pub 663.22
8 30 pub 828.96
8 31 pub 1189.39
8 32 pub 894.65
8 33 pub 206.96
8 34 pub 503.58
8 35 pub 211.06
8 36 pub 0
8 37 pub 1741.99
9 1 pub 0
9 2 pub 0
9 3 pub 0
9 4 pub 0
9 5 pub 0
9 6 pub 0
9 7 pub 0
9 8 pub 0
9 9 pub 453.14
9 10 pub 0
9 11 pub 161.37
9 12 pub 0
9 13 pub 203.15
9 14 pub 233.05
9 15 pub 737.5
9 16 pub 0
9 17 pub 233.05
9 18 pub 647.2
9 19 pub 465.64
9 20 pub 389.34
9 21 pub 1187.89
9 22 pub 472.22
9 23 pub 423.36
9 24 pub 264.02
9 25 pub 912.76
9 26 pub 1253.21
9 27 pub 728.97
9 28 pub 1216.95
9 29 pub 658.23
9 30 pub 0
9 31 pub 422.56
9 32 pub 509.33
9 33 pub 277.48
9 34 pub 959.81
9 35 pub 471.16
9 36 pub 203.19
9 37 pub 1168.39
10 1 pub 0
10 2 pub 0
10 3 pub 0
10 4 pub 0
10 5 pub 0
10 6 pub 0
10 7 pub 0
10 8 pub 241.1
10 9 pub 0
10 10 pub 0
10 11 pub 250.21
10 12 pub 713.15
10 13 pub 0
10 14 pub 0
10 15 pub 0
10 16 pub 229.5
10 17 pub 451.66
10 18 pub 244.21
10 19 pub 550.67
10 20 pub 1030.95
10 21 pub 1651.31
10 22 pub 478.2
10 23 pub 371.09
10 24 pub 588.31
10 25 pub 744.19
10 26 pub 495.48
10 27 pub 572.27
10 28 pub 698.08
10 29 pub 228.31
10 30 pub 201.07
10 31 pub 703.64
10 32 pub 178.46
10 33 pub 433.64
10 34 pub 0
10 35 pub 632.19
10 36 pub 300.58
10 37 pub 2570.01
1 1 priv 0
1 2 priv 10366.1
1 3 priv 225.04
1 4 priv 950.41
1 5 priv 1162.4
1 6 priv 1584.27
1 7 priv 974.74
1 8 priv 634.51
1 9 priv 481.71
1 10 priv 214.36
1 11 priv 181.32
1 12 priv 472.93
1 13 priv 1829.34
1 14 priv 947.62
1 15 priv 459.58
1 16 priv 960.88
1 17 priv 0
1 18 priv 0
1 19 priv 348.33
1 20 priv 203.23
1 21 priv 238.51
1 22 priv 525.88
1 23 priv 0
1 24 priv 221.17
1 25 priv 0
1 26 priv 216.58
1 27 priv 0
1 28 priv 227.35
1 29 priv 0
1 30 priv 0
1 31 priv 0
1 32 priv 0
1 33 priv 0
1 34 priv 0
1 35 priv 0
1 36 priv 0
1 37 priv 0
2 1 priv 0
2 2 priv 1641.69
2 3 priv 0
2 4 priv 0
2 5 priv 1269.77
2 6 priv 764.4
2 7 priv 561.92
2 8 priv 216.13
2 9 priv 992.65
2 10 priv 1932.69
2 11 priv 1993.99
2 12 priv 1362.07
2 13 priv 1819.31
2 14 priv 2494.39
2 15 priv 1100.54
2 16 priv 179.62
2 17 priv 1006.12
2 18 priv 845.37
2 19 priv 883.07
2 20 priv 677.04
2 21 priv 486.71
2 22 priv 280.99
2 23 priv 0
2 24 priv 502.44
2 25 priv 238.51
2 26 priv 688.53
2 27 priv 1253.72
2 28 priv 0
2 29 priv 0
2 30 priv 562.95
2 31 priv 238.51
2 32 priv 244.34
2 33 priv 0
2 34 priv 184.49
2 35 priv 157
2 36 priv 0
2 37 priv 225.04
3 1 priv 0
3 2 priv 723.74
3 3 priv 0
3 4 priv 0
3 5 priv 713.47
3 6 priv 810.32
3 7 priv 938.5
3 8 priv 896.36
3 9 priv 1568.54
3 10 priv 1050.75
3 11 priv 1652.02
3 12 priv 2109.89
3 13 priv 2349.43
3 14 priv 4477.88
3 15 priv 2434.31
3 16 priv 3063.45
3 17 priv 3046
3 18 priv 3720.03
3 19 priv 2625.94
3 20 priv 633.45
3 21 priv 784.02
3 22 priv 966.67
3 23 priv 2333.41
3 24 priv 1820.82
3 25 priv 1160.14
3 26 priv 432.9
3 27 priv 1248.21
3 28 priv 704.46
3 29 priv 0
3 30 priv 687.54
3 31 priv 0
3 32 priv 244.34
3 33 priv 745.43
3 34 priv 397.69
3 35 priv 227.35
3 36 priv 0
3 37 priv 418.72
4 1 priv 0
4 2 priv 285.44
4 3 priv 0
4 4 priv 225.04
4 5 priv 684.41
4 6 priv 0
4 7 priv 295.91
4 8 priv 419.14
4 9 priv 1207.81
4 10 priv 1165.16
4 11 priv 796.77
4 12 priv 2416.62
4 13 priv 3772.87
4 14 priv 4253.44
4 15 priv 2763.2
4 16 priv 5167.46
4 17 priv 2860.66
4 18 priv 4535.75
4 19 priv 2925.36
4 20 priv 3520.24
4 21 priv 2083.93
4 22 priv 2643.19
4 23 priv 1287.68
4 24 priv 1481.24
4 25 priv 1137.08
4 26 priv 1472.93
4 27 priv 2934.59
4 28 priv 2099.85
4 29 priv 151.15
4 30 priv 1255.63
4 31 priv 942.15
4 32 priv 635.16
4 33 priv 230.56
4 34 priv 346.37
4 35 priv 220.5
4 36 priv 0
4 37 priv 397.14
5 1 priv 0
5 2 priv 0
5 3 priv 0
5 4 priv 0
5 5 priv 0
5 6 priv 253
5 7 priv 0
5 8 priv 336.04
5 9 priv 434.4
5 10 priv 691.41
5 11 priv 1091
5 12 priv 2263.02
5 13 priv 3529.16
5 14 priv 2280.81
5 15 priv 2740.6
5 16 priv 3728.79
5 17 priv 5129.45
5 18 priv 3120.17
5 19 priv 2298.17
5 20 priv 2220.37
5 21 priv 2450.21
5 22 priv 4924.06
5 23 priv 2375.3
5 24 priv 2809.51
5 25 priv 2459.51
5 26 priv 1864.06
5 27 priv 669.79
5 28 priv 1958.76
5 29 priv 633.74
5 30 priv 840.81
5 31 priv 365.83
5 32 priv 869.96
5 33 priv 0
5 34 priv 0
5 35 priv 222.22
5 36 priv 453.29
5 37 priv 222.33
6 1 priv 0
6 2 priv 0
6 3 priv 0
6 4 priv 0
6 5 priv 0
6 6 priv 0
6 7 priv 0
6 8 priv 0
6 9 priv 653.62
6 10 priv 244.03
6 11 priv 439.98
6 12 priv 1243.53
6 13 priv 2063.82
6 14 priv 3839.3
6 15 priv 2811.3
6 16 priv 3705.79
6 17 priv 3274.76
6 18 priv 5273.74
6 19 priv 2724.6
6 20 priv 3408.65
6 21 priv 3329.56
6 22 priv 1677.13
6 23 priv 4097.06
6 24 priv 3068.92
6 25 priv 2804.97
6 26 priv 3694.18
6 27 priv 2145.82
6 28 priv 2141.24
6 29 priv 827.33
6 30 priv 1339.39
6 31 priv 1188.69
6 32 priv 538.45
6 33 priv 709.42
6 34 priv 0
6 35 priv 382.91
6 36 priv 186.21
6 37 priv 1239
7 1 priv 0
7 2 priv 0
7 3 priv 0
7 4 priv 0
7 5 priv 0
7 6 priv 740.17
7 7 priv 605.49
7 8 priv 266.66
7 9 priv 253.35
7 10 priv 221.17
7 11 priv 1455.61
7 12 priv 622.81
7 13 priv 739.46
7 14 priv 3188.21
7 15 priv 863.2
7 16 priv 2440.3
7 17 priv 2367.78
7 18 priv 4177.28
7 19 priv 1929.36
7 20 priv 3904.19
7 21 priv 2127.24
7 22 priv 3268.12
7 23 priv 2075.85
7 24 priv 2951.33
7 25 priv 2164.24
7 26 priv 1763.72
7 27 priv 1667.86
7 28 priv 1176.12
7 29 priv 1633.67
7 30 priv 2194.81
7 31 priv 838.67
7 32 priv 416.25
7 33 priv 1704.71
7 34 priv 0
7 35 priv 430.16
7 36 priv 270.73
7 37 priv 951.89
8 1 priv 0
8 2 priv 0
8 3 priv 0
8 4 priv 0
8 5 priv 0
8 6 priv 0
8 7 priv 309.32
8 8 priv 0
8 9 priv 0
8 10 priv 653.64
8 11 priv 689.67
8 12 priv 528.34
8 13 priv 1189.84
8 14 priv 1223.3
8 15 priv 1181.06
8 16 priv 1850.5
8 17 priv 1469.33
8 18 priv 2845.41
8 19 priv 2038.13
8 20 priv 1149.52
8 21 priv 2063.01
8 22 priv 2468.14
8 23 priv 1290.17
8 24 priv 1587.14
8 25 priv 3235.91
8 26 priv 1400.1
8 27 priv 1676.9
8 28 priv 2070.37
8 29 priv 877.04
8 30 priv 590.82
8 31 priv 438.93
8 32 priv 666.01
8 33 priv 488.17
8 34 priv 0
8 35 priv 269.78
8 36 priv 262.49
8 37 priv 706.97
9 1 priv 0
9 2 priv 0
9 3 priv 0
9 4 priv 0
9 5 priv 0
9 6 priv 0
9 7 priv 0
9 8 priv 0
9 9 priv 222.23
9 10 priv 0
9 11 priv 222.33
9 12 priv 485.04
9 13 priv 235.5
9 14 priv 1263.86
9 15 priv 1315.64
9 16 priv 895.4
9 17 priv 973.1
9 18 priv 1822.13
9 19 priv 2924.92
9 20 priv 2346.51
9 21 priv 892.02
9 22 priv 384.48
9 23 priv 1307.06
9 24 priv 2470.19
9 25 priv 893.35
9 26 priv 1921.71
9 27 priv 1055.18
9 28 priv 558.02
9 29 priv 442.57
9 30 priv 1089.33
9 31 priv 573.87
9 32 priv 0
9 33 priv 222.33
9 34 priv 518.46
9 35 priv 0
9 36 priv 0
9 37 priv 655.68
10 1 priv 0
10 2 priv 0
10 3 priv 0
10 4 priv 0
10 5 priv 0
10 6 priv 0
10 7 priv 0
10 8 priv 0
10 9 priv 0
10 10 priv 45.5
10 11 priv 0
10 12 priv 558.88
10 13 priv 230.56
10 14 priv 1558.98
10 15 priv 681.02
10 16 priv 1154.03
10 17 priv 1998.68
10 18 priv 1984.09
10 19 priv 2040.4
10 20 priv 1950.51
10 21 priv 2765.4
10 22 priv 1909.19
10 23 priv 2265.39
10 24 priv 1219.31
10 25 priv 1688.64
10 26 priv 1225.25
10 27 priv 1380.97
10 28 priv 2228.27
10 29 priv 1387.95
10 30 priv 892.6
10 31 priv 408.8
10 32 priv 1065.66
10 33 priv 506.1
10 34 priv 254.52
10 35 priv 481.88
10 36 priv 0
10 37 priv 622.69
