 vol species drain.nomgmt drain.thin drain.finalfell
  1  manty     0.00         7.50       7.50         
  2  manty     0.00        16.12      23.62         
  3  manty     0.00        18.55      42.17         
  4  manty     0.00        21.32      63.49         
  5  manty     0.00        45.85      88.02         
  6  manty     0.00        52.73     116.22         
  7  manty     0.00        60.63     148.65         
  8  manty     0.00        69.73     185.95         
  9  manty     0.00       112.62     228.84         
 10  manty     0.00       129.52     278.17         
 11  manty     0.00       141.45     327.40         
  1  kuusi     0.00         7.50       7.50         
  2  kuusi     0.00        16.27      23.77         
  3  kuusi     0.00        19.05      42.82         
  4  kuusi     0.00        22.28      65.10         
  5  kuusi     0.00        48.34      91.16         
  6  kuusi     0.00        56.56     121.66         
  7  kuusi     0.00        66.18     157.34         
  8  kuusi     0.00        77.43     199.09         
  9  kuusi     0.00       126.27     247.93         
 10  kuusi     0.00       147.74     305.08         
 11  kuusi     0.00       162.00     361.09         
  1  lehti     0.00         7.50       7.50         
  2  lehti     0.00        16.05      23.55         
  3  lehti     0.00        18.30      41.85         
  4  lehti     0.00        20.86      62.71         
  5  lehti     0.00        44.63      86.48         
  6  lehti     0.00        50.88     113.59         
  7  lehti     0.00        58.02     114.50         
  8  lehti     0.00        66.13     179.72         
  9  lehti     0.00       106.30     129.89         
 10  lehti     0.00       121.17     265.67         
 11  lehti     0.00       132.09     311.81         
